7.00000 0.02000 1.0426508952 1.2760641803 
7.30103 0.02000 0.9470458349 1.0637034061 
7.47712 0.02000 0.8846952466 0.9683938338 
7.60206 0.02000 0.8383125791 0.9069988820 
7.69897 0.02000 0.8026625805 0.8584437846 
7.77815 0.02000 0.7734293997 0.8217293783 
7.84510 0.02000 0.7484501822 0.7923855971 
7.90309 0.02000 0.7275888050 0.7682795807 
7.95424 0.02000 0.7085691172 0.7470228467 
8.00000 0.02000 0.6912985046 0.7284794022 
8.04139 0.02000 0.6760543782 0.7120248860 
8.07918 0.02000 0.6623587773 0.6971681286 
8.11394 0.02000 0.6490896919 0.6836211921 
8.14613 0.02000 0.6377571620 0.6711978391 
8.17609 0.02000 0.6265575565 0.6597695536 
8.20412 0.02000 0.6160947994 0.6490931619 
8.23045 0.02000 0.6062811368 0.6390791182 
8.25527 0.02000 0.5972181040 0.6298310311 
8.27875 0.02000 0.5886452328 0.6210831140 
8.30103 0.02000 0.5805227253 0.6127947565 
8.32222 0.02000 0.5735995414 0.6049109608 
8.34242 0.02000 0.5655839603 0.5975509630 
8.36173 0.02000 0.5588020788 0.5906306051 
8.38021 0.02000 0.5523089030 0.5840048480 
8.39794 0.02000 0.5461344128 0.5777042834 
8.41497 0.02000 0.5402371684 0.5716866257 
8.43136 0.02000 0.5337791782 0.5658961068 
8.44716 0.02000 0.5283137164 0.5603161997 
8.46240 0.02000 0.5230584556 0.5549508952 
8.47712 0.02000 0.5179861996 0.5497724274 
8.49136 0.02000 0.5123074786 0.5447637454 
8.50515 0.02000 0.5075597459 0.5399141196 
8.51851 0.02000 0.5030358183 0.5352931021 
8.53148 0.02000 0.4987057668 0.5308701216 
8.54407 0.02000 0.4937375888 0.5265753783 
8.55630 0.02000 0.4896536135 0.5224016223 
8.56820 0.02000 0.4856815173 0.5183422051 
8.57978 0.02000 0.4810578058 0.5143910761 
8.59106 0.02000 0.4773389635 0.5105885361 
8.60206 0.02000 0.4737152911 0.5068833079 
8.61278 0.02000 0.4694290897 0.5032695754 
8.62325 0.02000 0.4659818295 0.4997429259 
8.63347 0.02000 0.4626156941 0.4962992694 
8.64345 0.02000 0.4585801214 0.4929347991 
8.65321 0.02000 0.4553669183 0.4896459138 
8.66276 0.02000 0.4522547579 0.4864604512 
8.67210 0.02000 0.4484652254 0.4833411812 
8.68124 0.02000 0.4454834234 0.4802875837 
8.69020 0.02000 0.4425631220 0.4772969676 
8.69897 0.02000 0.4397018102 0.4743667616 
8.70757 0.02000 0.4361610572 0.4714945943 
8.71600 0.02000 0.4334122912 0.4686782010 
8.72428 0.02000 0.4307158623 0.4659154325 
8.73239 0.02000 0.4273381728 0.4632046192 
8.74036 0.02000 0.4247520923 0.4605535551 
8.74819 0.02000 0.4222116068 0.4579492318 
8.75587 0.02000 0.4197179194 0.4553928825 
8.76343 0.02000 0.4165408035 0.4528809985 
8.77085 0.02000 0.4141336166 0.4504120573 
8.77815 0.02000 0.4117638429 0.4479814890 
8.78533 0.02000 0.4094362435 0.4455941768 
8.79239 0.02000 0.4064244767 0.4432456514 
8.79934 0.02000 0.4041725237 0.4409347407 
8.80618 0.02000 0.4019531759 0.4386572888 
8.81291 0.02000 0.3990524698 0.4364180211 
8.81954 0.02000 0.3969039750 0.4342121448 
8.82607 0.02000 0.3947862459 0.4320378559 
8.83251 0.02000 0.3919819113 0.4298930322 
8.83885 0.02000 0.3899270697 0.4277822263 
8.84510 0.02000 0.3879017943 0.4257017918 
8.85126 0.02000 0.3851930484 0.4236508503 
8.85733 0.02000 0.3832229209 0.4216260251 
8.86332 0.02000 0.3812824770 0.4196317078 
8.86923 0.02000 0.3793683960 0.4176644851 
8.87506 0.02000 0.3767717789 0.4157236554 
8.88081 0.02000 0.3749070213 0.4138061397 
8.88649 0.02000 0.3730689414 0.4119160565 
8.89209 0.02000 0.3705492567 0.4100504191 
8.89763 0.02000 0.3687589244 0.4082084868 
8.90309 0.02000 0.3669888811 0.4063874284 
8.90849 0.02000 0.3652357279 0.4045837469 
8.91381 0.02000 0.3627421296 0.4027402251 
8.91908 0.02000 0.3609728326 0.4009189971 
8.92428 0.02000 0.3592225296 0.3991173206 
8.92942 0.02000 0.3574951554 0.3973392460 
8.93450 0.02000 0.3557879480 0.3955819300 
8.93952 0.02000 0.3541004912 0.3938449444 
8.94448 0.02000 0.3524301961 0.3921256241 
8.94939 0.02000 0.3507808967 0.3904279158 
8.95424 0.02000 0.3484552672 0.3887491392 
8.95904 0.02000 0.3468432436 0.3870889459 
8.96379 0.02000 0.3452467641 0.3854447611 
8.96848 0.02000 0.3436696022 0.3838204713 
8.97313 0.02000 0.3421092876 0.3822135321 
8.97772 0.02000 0.3405654858 0.3806235992 
8.98227 0.02000 0.3390358797 0.3790482862 
8.98677 0.02000 0.3375241015 0.3774913338 
8.99123 0.02000 0.3360277831 0.3759503031 
8.99564 0.02000 0.3345466842 0.3744249468 
9.00000 0.02000 0.3330785988 0.3729129928 
9.00432 0.02000 0.3315943120 0.3713843532 
9.00860 0.02000 0.3301113464 0.3698570744 
9.01284 0.02000 0.3286428655 0.3683447131 
9.01703 0.02000 0.3271885641 0.3668469550 
9.02119 0.02000 0.3257481735 0.3653635234 
9.02531 0.02000 0.3243214191 0.3638941354 
9.02938 0.02000 0.3229080635 0.3624385466 
9.03342 0.02000 0.3215079078 0.3609965521 
9.03743 0.02000 0.3201207042 0.3595678968 
9.04139 0.02000 0.3187461997 0.3581523201 
9.04532 0.02000 0.3173840915 0.3567495100 
9.04922 0.02000 0.3160342042 0.3553592860 
9.05308 0.02000 0.3148084375 0.3540968916 
9.05690 0.02000 0.3135932409 0.3528453831 
9.06070 0.02000 0.3123886269 0.3516047734 
9.06446 0.02000 0.3105189019 0.3503748891 
9.06818 0.02000 0.3093355999 0.3491556001 
9.07188 0.02000 0.3081623609 0.3479466802 
9.07554 0.02000 0.3069990073 0.3467479462 
9.07918 0.02000 0.3058268558 0.3455401467 
9.08278 0.02000 0.3046642594 0.3443421930 
9.08636 0.02000 0.3035112609 0.3431541291 
9.08990 0.02000 0.3023676279 0.3419757156 
9.09342 0.02000 0.3012333080 0.3408068983 
9.09691 0.02000 0.3001080630 0.3396474319 
9.10037 0.02000 0.2983222063 0.3384972101 
9.10380 0.02000 0.2972090883 0.3373496480 
9.10721 0.02000 0.2960730605 0.3361784673 
9.11059 0.02000 0.2949458956 0.3350164236 
9.11394 0.02000 0.2938273937 0.3338633110 
9.11727 0.02000 0.2927174919 0.3327190646 
9.12057 0.02000 0.2916159855 0.3315834734 
9.12385 0.02000 0.2905228542 0.3304565165 
9.12710 0.02000 0.2894378885 0.3293379779 
9.13033 0.02000 0.2883542723 0.3282208305 
9.13353 0.02000 0.2872281342 0.3270598454 
9.13671 0.02000 0.2861102168 0.3259073355 
9.13987 0.02000 0.2850004511 0.3247632294 
9.14301 0.02000 0.2838987188 0.3236274053 
9.14613 0.02000 0.2828026052 0.3224973738 
9.14922 0.02000 0.2817165706 0.3213777332 
9.15229 0.02000 0.2806382023 0.3202659961 
9.15534 0.02000 0.2795673737 0.3191620320 
9.15836 0.02000 0.2784398756 0.3179996448 
9.16137 0.02000 0.2773068337 0.3168315423 
9.16435 0.02000 0.2761816121 0.3156715021 
9.16732 0.02000 0.2757216269 0.3145193464 
9.17026 0.02000 0.2746110512 0.3133749955 
9.17318 0.02000 0.2735079219 0.3122383175 
9.17609 0.02000 0.2724122072 0.3111092794 
9.17897 0.02000 0.2713237755 0.3099877460 
9.18184 0.02000 0.2702784642 0.3089106443 
9.18469 0.02000 0.2692827838 0.3078846829 
9.18752 0.02000 0.2689473791 0.3068654358 
9.19033 0.02000 0.2679640769 0.3058527510 
9.19312 0.02000 0.2669870972 0.3048465776 
9.19590 0.02000 0.2660163893 0.3038468636 
9.19865 0.02000 0.2650518018 0.3028534528 
9.20139 0.02000 0.2640933316 0.3018663421 
9.20412 0.02000 0.2631408748 0.3008854244 
9.20682 0.02000 0.2621943258 0.2999105911 
9.20951 0.02000 0.2610944347 0.2987778336 
9.21218 0.02000 0.2605652787 0.2975643625 
9.21484 0.02000 0.2593936297 0.2963583243 
9.21748 0.02000 0.2582291180 0.2951596328 
9.22010 0.02000 0.2577189152 0.2939681480 
9.22271 0.02000 0.2565678031 0.2927838591 
9.22530 0.02000 0.2554235457 0.2916066227 
9.22788 0.02000 0.2549316196 0.2904363722 
9.23044 0.02000 0.2538910180 0.2893663297 
9.23299 0.02000 0.2531644799 0.2886192363 
9.23552 0.02000 0.2524421908 0.2878765120 
9.23804 0.02000 0.2517240707 0.2871380748 
9.24054 0.02000 0.2510100910 0.2864038950 
9.24303 0.02000 0.2503001964 0.2856739159 
9.24551 0.02000 0.2495943574 0.2849481073 
9.24797 0.02000 0.2486509039 0.2715502582 
9.25041 0.02000 0.2475894524 0.2704693405 
9.25285 0.02000 0.2465339650 0.2693944961 
9.25527 0.02000 0.2461161206 0.2683228742 
9.25768 0.02000 0.2450717903 0.2672599332 
9.26007 0.02000 0.2441416951 0.2663132630 
9.26245 0.02000 0.2432205289 0.2653756808 
9.26482 0.02000 0.2423044527 0.2644432795 
9.26717 0.02000 0.2419856840 0.2634755126 
9.26951 0.02000 0.2410072544 0.2624801535 
9.27184 0.02000 0.2400341025 0.2614901633 
9.27416 0.02000 0.2396591892 0.2604673037 
9.27646 0.02000 0.2386514848 0.2594426847 
9.27875 0.02000 0.2376490921 0.2584234665 
9.28103 0.02000 0.2372809608 0.2574095784 
9.28330 0.02000 0.2362782022 0.2563905064 
9.28556 0.02000 0.2359269296 0.2553952908 
9.28780 0.02000 0.2350396249 0.2544940092 
9.29003 0.02000 0.2341600828 0.2536006126 
9.29225 0.02000 0.2332849656 0.2527117105 
9.29446 0.02000 0.2324143614 0.2518273925 
9.29666 0.02000 0.2321739164 0.2509475159 
9.29885 0.02000 0.2313116209 0.2500720824 
9.30103 0.02000 0.2304486181 0.2491959307 
9.30319 0.02000 0.2295781418 0.2483121917 
9.30535 0.02000 0.2293651835 0.2474624374 
9.30749 0.02000 0.2285318114 0.2466167975 
9.30963 0.02000 0.2277026079 0.2457753874 
9.31175 0.02000 0.2268774261 0.2449380582 
9.31386 0.02000 0.2260562924 0.2441048368 
9.31597 0.02000 0.2252390876 0.2432756021 
9.31806 0.02000 0.2245205329 0.2425464697 
9.32014 0.02000 0.2238200073 0.2418356318 
9.32222 0.02000 0.2231180403 0.2411233313 
9.32428 0.02000 0.2223913661 0.2403859599 
9.32633 0.02000 0.2216676578 0.2396515980 
9.32838 0.02000 0.2209473152 0.2389206513 
9.33041 0.02000 0.2202303573 0.2381931393 
9.33243 0.02000 0.2195167443 0.2374690212 
9.33445 0.02000 0.2194155005 0.2367385010 
9.33645 0.02000 0.2186713195 0.2359837482 
9.33845 0.02000 0.2179305354 0.2352324405 
9.34044 0.02000 0.2171931978 0.2344846283 
9.34242 0.02000 0.2164891563 0.2337705852 
9.34439 0.02000 0.2157787021 0.2330500383 
9.34635 0.02000 0.2150714023 0.2323326906 
9.34830 0.02000 0.2143673346 0.2316186209 
9.35025 0.02000 0.2136663967 0.2309077255 
9.35218 0.02000 0.2129834778 0.2302151051 
9.35411 0.02000 0.2123138818 0.2295359968 
9.35603 0.02000 0.2116472454 0.2288598902 
9.35793 0.02000 0.2115979545 0.2281867703 
9.35983 0.02000 0.2109212807 0.2275008317 
9.36173 0.02000 0.2102269343 0.2267969785 
9.36361 0.02000 0.2095624425 0.2261233888 
9.36549 0.02000 0.2089008389 0.2254527267 
9.36735 0.02000 0.2082420167 0.2247848841 
9.36921 0.02000 0.2075680350 0.2241016744 
9.37107 0.02000 0.2068809917 0.2234052243 
9.37291 0.02000 0.2061969123 0.2227117788 
9.37475 0.02000 0.2055157211 0.2220212609 
9.37657 0.02000 0.2054483444 0.2213336241 
9.37840 0.02000 0.2047725410 0.2206489151 
9.38021 0.02000 0.2040995196 0.2199670247 
9.38201 0.02000 0.2034292948 0.2192879678 
9.38381 0.02000 0.2027618816 0.2186117594 
9.38560 0.02000 0.2021142474 0.2179555908 
9.38739 0.02000 0.2014852445 0.2173182989 
9.38916 0.02000 0.2008587921 0.2166835912 
9.39093 0.02000 0.2008432638 0.2160515119 
9.39269 0.02000 0.2002216042 0.2154219791 
9.39445 0.02000 0.1996024404 0.2147949738 
9.39620 0.02000 0.1989857846 0.2141705083 
9.39794 0.02000 0.1983715864 0.2135485316 
9.39967 0.02000 0.1977353403 0.2129042276 
9.40140 0.02000 0.1971011907 0.2122620467 
9.40312 0.02000 0.1964694938 0.2116223496 
9.40483 0.02000 0.1964718286 0.2110112331 
9.40654 0.02000 0.1958713576 0.2104034652 
9.40824 0.02000 0.1952732320 0.2097980713 
9.40993 0.02000 0.1946774313 0.2091950305 
9.41162 0.02000 0.1940839979 0.2085943858 
9.41330 0.02000 0.1934928161 0.2079960200 
9.41497 0.02000 0.1929024051 0.2073984343 
9.41664 0.02000 0.1923157875 0.2068046883 
9.41830 0.02000 0.1917313893 0.2062131885 
9.41996 0.02000 0.1911635567 0.2056384556 
9.42160 0.02000 0.1906343659 0.2051028341 
9.42325 0.02000 0.1901071404 0.2045692019 
9.42488 0.02000 0.1901842402 0.2040375992 
9.42651 0.02000 0.1890586815 0.2035080022 
9.42813 0.02000 0.1885373681 0.2029803539 
9.42975 0.02000 0.1880180522 0.2024547273 
9.43136 0.02000 0.1875006132 0.2019310004 
9.43297 0.02000 0.1869850908 0.2014092134 
9.43457 0.02000 0.1864714926 0.2008893741 
9.43616 0.02000 0.1859597620 0.2003714249 
9.43775 0.02000 0.1854499062 0.1998553734 
9.43933 0.02000 0.1849428054 0.1993421104 
9.44091 0.02000 0.1844579185 0.1988513311 
9.44248 0.02000 0.1839748478 0.1983623903 
9.44404 0.02000 0.1834934381 0.1978751305 
9.44560 0.02000 0.1830138253 0.1973896895 
9.44716 0.02000 0.1825358862 0.1969059425 
9.44870 0.02000 0.1820482050 0.1964123351 
9.45025 0.02000 0.1815447870 0.1959027996 
9.45178 0.02000 0.1810430936 0.1953950097 
9.45332 0.02000 0.1799454860 0.1948890712 
9.45484 0.02000 0.1794475796 0.1943848590 
9.45636 0.02000 0.1789514827 0.1938824792 
9.45788 0.02000 0.1784570712 0.1933818061 
9.45939 0.02000 0.1779581214 0.1928765373 
9.46090 0.02000 0.1774475597 0.1923595095 
9.46240 0.02000 0.1769387560 0.1918442620 
9.46389 0.02000 0.1764317173 0.1913308019 
9.46538 0.02000 0.1759263848 0.1908190695 
9.46686 0.02000 0.1754227980 0.1903091050 
9.46834 0.02000 0.1749209309 0.1898008819 
9.46982 0.02000 0.1738258125 0.1892943736 
9.47129 0.02000 0.1733275911 0.1887895868 
9.47275 0.02000 0.1722366350 0.1882865281 
9.47421 0.02000 0.1717420162 0.1877851371 
9.47567 0.02000 0.1706551092 0.1872854202 
9.47712 0.02000 0.1701627871 0.1867861042 
9.47857 0.02000 0.1690798807 0.1862896861 
9.48001 0.02000 0.1715723755 0.1858092043 
9.48144 0.02000 0.1675907562 0.1853803564 
9.48287 0.02000 0.1707263291 0.1849528769 
9.48430 0.02000 0.1697128121 0.1845268041 
9.48572 0.02000 0.1692934615 0.1841021427 
9.48714 0.02000 0.1682833737 0.1836788971 
9.48855 0.02000 0.1678669345 0.1832569701 
9.48996 0.02000 0.1668601539 0.1828364339 
9.49136 0.02000 0.1664466741 0.1824172929 
9.49276 0.02000 0.1659797217 0.1819439471 
9.49415 0.02000 0.1648968597 0.1814453692 
9.49554 0.02000 0.1644068541 0.1809484025 
9.49693 0.02000 0.1639184097 0.1804530192 
9.49831 0.02000 0.1634212111 0.1799487574 
9.49969 0.02000 0.1622842375 0.1793940055 
9.50106 0.02000 0.1617392340 0.1788409791 
9.50243 0.02000 0.1611959384 0.1782896857 
9.50379 0.02000 0.1606543581 0.1777401329 
9.50515 0.02000 0.1601144666 0.1771922938 
9.50650 0.02000 0.1595762712 0.1766461757 
9.50785 0.02000 0.1590397450 0.1761017514 
9.50920 0.02000 0.1585048611 0.1755589936 
9.51054 0.02000 0.1579716267 0.1750179095 
9.51188 0.02000 0.1574400486 0.1744785062 
9.51322 0.02000 0.1563228699 0.1739407907 
9.51455 0.02000 0.1557948253 0.1734047008 
9.51587 0.02000 0.1552687654 0.1728706257 
9.51719 0.02000 0.1547464813 0.1723403840 
9.51851 0.02000 0.1542258248 0.1718117947 
9.51983 0.02000 0.1537066651 0.1712847250 
9.52114 0.02000 0.1531891460 0.1707593209 
9.52244 0.02000 0.1526731710 0.1702354844 
9.52374 0.02000 0.1521587118 0.1697131869 
9.52504 0.02000 0.1516458093 0.1691924697 
9.52634 0.02000 0.1511344352 0.1686733042 
9.52763 0.02000 0.1506245611 0.1681556615 
9.52891 0.02000 0.1501162277 0.1676395832 
9.53020 0.02000 0.1496265857 0.1671424809 
9.53148 0.02000 0.1491545882 0.1666632919 
9.53275 0.02000 0.1486819997 0.1661835030 
9.53403 0.02000 0.1482108036 0.1657051277 
9.53529 0.02000 0.1477410051 0.1652281713 
9.53656 0.02000 0.1472725745 0.1647526036 
9.53782 0.02000 0.1456406211 0.1642783943 
9.53908 0.02000 0.1451753445 0.1638055484 
9.54033 0.02000 0.1452933724 0.1633340709 
9.54158 0.02000 0.1448305587 0.1628639669 
9.54282 0.02000 0.1443691020 0.1623952413 
9.54407 0.02000 0.1439089020 0.1619277922 
9.54531 0.02000 0.1434500688 0.1614617315 
9.54654 0.02000 0.1429924665 0.1609969210 
9.54777 0.02000 0.1431167976 0.1605335086 
9.54900 0.02000 0.1426615807 0.1600713559 
9.55023 0.02000 0.1422076797 0.1596105393 
9.55145 0.02000 0.1429147950 0.1591510275 
9.55267 0.02000 0.1429896607 0.1586391135 
9.55388 0.02000 0.1430590865 0.1581222067 
9.55509 0.02000 0.1425503211 0.1576067369 
9.55630 0.02000 0.1426218511 0.1570927459 
9.55751 0.02000 0.1421156118 0.1565800953 
9.55871 0.02000 0.1416108444 0.1560689351 
9.55990 0.02000 0.1416855160 0.1555591628 
9.56110 0.02000 0.1411832050 0.1550507478 
9.56229 0.02000 0.1406823120 0.1545437680 
9.56348 0.02000 0.1407601146 0.1540381928 
9.56466 0.02000 0.1402617146 0.1535339916 
9.56585 0.02000 0.1398073819 0.1530743706 
9.56702 0.02000 0.1393703938 0.1526322961 
9.56820 0.02000 0.1395109664 0.1521914121 
9.56937 0.02000 0.1390761160 0.1517517228 
9.57054 0.02000 0.1386423790 0.1513131592 
9.57171 0.02000 0.1382139916 0.1508800046 
9.57287 0.02000 0.1378543703 0.1505163815 
9.57403 0.02000 0.1374957159 0.1501537360 
9.57519 0.02000 0.1371380311 0.1497920709 
9.57634 0.02000 0.1367812822 0.1494313522 
9.57749 0.02000 0.1370002951 0.1490715824 
9.57864 0.02000 0.1366452828 0.1487128009 
9.57978 0.02000 0.1362902681 0.1483540172 
9.58092 0.02000 0.1359371096 0.1479971092 
9.58206 0.02000 0.1355849003 0.1476411606 
9.58320 0.02000 0.1352335700 0.1472861003 
9.58433 0.02000 0.1348831575 0.1469319676 
9.58546 0.02000 0.1345336653 0.1465787648 
9.58659 0.02000 0.1341850593 0.1462264578 
9.58771 0.02000 0.1338373784 0.1458750857 
9.58883 0.02000 0.1334905887 0.1455246141 
9.58995 0.02000 0.1331447290 0.1451750825 
9.59106 0.02000 0.1327996918 0.1448263821 
9.59218 0.02000 0.1324555894 0.1444786265 
9.59329 0.02000 0.1320984920 0.1441177379 
9.59439 0.02000 0.1317165201 0.1437317106 
9.59550 0.02000 0.1313355709 0.1433467170 
9.59660 0.02000 0.1315272672 0.1429626110 
9.59769 0.02000 0.1311480333 0.1425795445 
9.59879 0.02000 0.1307697576 0.1421974459 
9.59988 0.02000 0.1298211752 0.1418162433 
9.60097 0.02000 0.1294449775 0.1414360516 
9.60206 0.02000 0.1290697459 0.1410568362 
9.60314 0.02000 0.1286954091 0.1406785252 
9.60422 0.02000 0.1288924427 0.1403011587 
9.60530 0.02000 0.1285197523 0.1399247018 
9.60638 0.02000 0.1281653970 0.1395667653 
9.60745 0.02000 0.1278358572 0.1392338952 
9.60852 0.02000 0.1275071442 0.1389018602 
9.60959 0.02000 0.1271792227 0.1385706247 
9.61066 0.02000 0.1268521321 0.1382402285 
9.61172 0.02000 0.1265258372 0.1379106359 
9.61278 0.02000 0.1262003398 0.1375818491 
9.61384 0.02000 0.1258756047 0.1372538322 
9.61490 0.02000 0.1255517086 0.1369266627 
9.61595 0.02000 0.1252285413 0.1366002295 
9.61700 0.02000 0.1249061795 0.1362746099 
9.61805 0.02000 0.1245846253 0.1359498059 
9.61909 0.02000 0.1242638055 0.1356257439 
9.62013 0.02000 0.1239437970 0.1353025014 
9.62117 0.02000 0.1241922632 0.1349799667 
9.62221 0.02000 0.1238736097 0.1346582555 
9.62325 0.02000 0.1235549082 0.1343364957 
9.62428 0.02000 0.1232452735 0.1340238897 
9.62531 0.02000 0.1229507933 0.1337265837 
9.62634 0.02000 0.1226569788 0.1334299498 
9.62737 0.02000 0.1223638693 0.1331340276 
9.62839 0.02000 0.1220714285 0.1328387806 
9.62941 0.02000 0.1217796959 0.1325442485 
9.63043 0.02000 0.1214886350 0.1322503946 
9.63144 0.02000 0.1211982853 0.1319572587 
9.63246 0.02000 0.1209085726 0.1316647660 
9.63347 0.02000 0.1206195363 0.1313729561 
9.63448 0.02000 0.1203312156 0.1310818687 
9.63548 0.02000 0.1200435364 0.1307914290 
9.63649 0.02000 0.1197565001 0.1305016382 
9.63749 0.02000 0.1194701459 0.1302125362 
9.63849 0.02000 0.1191844375 0.1299240861 
9.63949 0.02000 0.1188994523 0.1296363662 
9.64048 0.02000 0.1186150396 0.1293492243 
9.64147 0.02000 0.1183307054 0.1290621617 
9.64246 0.02000 0.1180467550 0.1287754864 
9.64345 0.02000 0.1177634181 0.1284894307 
9.64444 0.02000 0.1174807342 0.1282040342 
9.64542 0.02000 0.1171986666 0.1279192598 
9.64640 0.02000 0.1169172930 0.1276351862 
9.64738 0.02000 0.1166365384 0.1273517375 
9.64836 0.02000 0.1163563658 0.1270688764 
9.64933 0.02000 0.1160768915 0.1267867203 
9.65031 0.02000 0.1157980020 0.1265051546 
9.65128 0.02000 0.1155197752 0.1262242578 
9.65224 0.02000 0.1152420973 0.1259439154 
9.65321 0.02000 0.1149650847 0.1256642446 
9.65417 0.02000 0.1146892768 0.1253857901 
9.65514 0.02000 0.1144142915 0.1251081660 
9.65610 0.02000 0.1141398997 0.1248311412 
9.65705 0.02000 0.1138661027 0.1245547168 
9.65801 0.02000 0.1141553993 0.1242789719 
9.65896 0.02000 0.1138826964 0.1240037911 
9.65991 0.02000 0.1136105924 0.1237292146 
9.66086 0.02000 0.1139010970 0.1234552437 
9.66181 0.02000 0.1136300576 0.1231818795 
9.66276 0.02000 0.1127971511 0.1229083821 
9.66370 0.02000 0.1125274156 0.1226361958 
9.66464 0.02000 0.1122582852 0.1223646199 
9.66558 0.02000 0.1119896835 0.1220935777 
9.66652 0.02000 0.1117217281 0.1218231875 
9.66745 0.02000 0.1114543037 0.1215533332 
9.66839 0.02000 0.1111874503 0.1212840551 
9.66932 0.02000 0.1109212079 0.1210153936 
9.67025 0.02000 0.1106554612 0.1207472322 
9.67117 0.02000 0.1103903279 0.1204796898 
9.67210 0.02000 0.1101257702 0.1202127283 
9.67302 0.02000 0.1098617894 0.1199463488 
9.67394 0.02000 0.1095983087 0.1196804740 
9.67486 0.02000 0.1093354460 0.1194152229 
9.67578 0.02000 0.1090731246 0.1191505179 
9.67669 0.02000 0.1088113065 0.1188863209 
9.67761 0.02000 0.1079905187 0.1186227510 
9.67852 0.02000 0.1077299593 0.1183596912 
9.67943 0.02000 0.1074699452 0.1180971820 
9.68033 0.02000 0.1072105166 0.1178352640 
9.68124 0.02000 0.1069515964 0.1175738592 
9.68214 0.02000 0.1066931858 0.1173129689 
9.68305 0.02000 0.1063977642 0.1170147125 
9.68395 0.02000 0.1060993176 0.1167134019 
9.68484 0.02000 0.1058014874 0.1164127138 
9.68574 0.02000 0.1055042751 0.1161126495 
9.68663 0.02000 0.1052076429 0.1158131707 
9.68753 0.02000 0.1049116706 0.1155143583 
9.68842 0.02000 0.1046162812 0.1152161344 
9.68931 0.02000 0.1043215153 0.1149185399 
9.69019 0.02000 0.1040273350 0.1146215367 
9.69108 0.02000 0.1037353968 0.1143267971 
9.69196 0.02000 0.1034654240 0.1140542336 
9.69285 0.02000 0.1031959919 0.1137822161 
9.69373 0.02000 0.1029271413 0.1135107855 
9.69460 0.02000 0.1026587941 0.1132398633 
9.69548 0.02000 0.1023909910 0.1129694904 
9.69635 0.02000 0.1021237728 0.1126997080 
9.69723 0.02000 0.1018570218 0.1124303972 
9.69810 0.02000 0.1015908578 0.1121616792 
9.69897 0.02000 0.1013245290 0.1118927947 
9.69984 0.02000 0.1010593836 0.1116251050 
9.70070 0.02000 0.1007948286 0.1113580113 
9.70157 0.02000 0.1005307461 0.1110913947 
9.70243 0.02000 0.1002467947 0.1108047185 
9.70329 0.02000 0.0999621786 0.1105173712 
9.70415 0.02000 0.0996780903 0.1102305568 
9.70501 0.02000 0.0993945307 0.1099442762 
9.70586 0.02000 0.0991115809 0.1096586112 
9.70672 0.02000 0.0988291623 0.1093734826 
9.70757 0.02000 0.0985472364 0.1090888513 
9.70842 0.02000 0.0982659638 0.1088048796 
9.70927 0.02000 0.0979851861 0.1085214076 
9.71012 0.02000 0.0977049845 0.1082385172 
9.71096 0.02000 0.0963168097 0.1079561691 
9.71181 0.02000 0.0960379657 0.1076743647 
9.71265 0.02000 0.0957596607 0.1073931050 
9.71349 0.02000 0.0954818959 0.1071123912 
9.71433 0.02000 0.0952046324 0.1068321841 
9.71517 0.02000 0.0949279515 0.1065525657 
9.71600 0.02000 0.0946518143 0.1062734968 
9.71684 0.02000 0.0943761818 0.1059949380 
9.71767 0.02000 0.0946541901 0.1057168904 
9.71850 0.02000 0.0943795119 0.1054394362 
9.71933 0.02000 0.0941053018 0.1051624549 
9.72016 0.02000 0.0938316413 0.1048860288 
9.72098 0.02000 0.0935584914 0.1046101184 
9.72181 0.02000 0.0932858530 0.1043347247 
9.72263 0.02000 0.0930137273 0.1040598488 
9.72345 0.02000 0.0927421557 0.1037855327 
9.72427 0.02000 0.0924710587 0.1035116959 
9.72509 0.02000 0.0922005179 0.1032384211 
9.72591 0.02000 0.0919304538 0.1029656277 
9.72673 0.02000 0.0922124898 0.1026933168 
9.72754 0.02000 0.0919433271 0.1024215711 
9.72835 0.02000 0.0916746442 0.1021503100 
9.72916 0.02000 0.0914064424 0.1018795345 
9.72997 0.02000 0.0911387631 0.1016092866 
9.73078 0.02000 0.0908715670 0.1013395264 
9.73159 0.02000 0.0906048955 0.1010702960 
9.73239 0.02000 0.0903380179 0.1008008574 
9.73320 0.02000 0.0900723171 0.1005326071 
9.73400 0.02000 0.0898071036 0.1002648485 
9.73480 0.02000 0.0895611964 0.1000165816 
9.73560 0.02000 0.0893405381 0.0997938059 
9.73640 0.02000 0.0891202151 0.0995713686 
9.73719 0.02000 0.0888868880 0.0993358026 
9.73799 0.02000 0.0886339639 0.0990804514 
9.73878 0.02000 0.0889312321 0.0988256098 
9.73957 0.02000 0.0886790685 0.0985711549 
9.74036 0.02000 0.0884274116 0.0983172114 
9.74115 0.02000 0.0881762215 0.0980637389 
9.74194 0.02000 0.0879254581 0.0978106970 
9.74272 0.02000 0.0876751634 0.0975581280 
9.74351 0.02000 0.0874253380 0.0973060327 
9.74429 0.02000 0.0871759420 0.0970543706 
9.74507 0.02000 0.0869269762 0.0968031426 
9.74585 0.02000 0.0866784825 0.0965523909 
9.74663 0.02000 0.0864304617 0.0963021166 
9.74741 0.02000 0.0862089055 0.0960785472 
9.74819 0.02000 0.0859944765 0.0958621699 
9.74896 0.02000 0.0857804346 0.0956461831 
9.74974 0.02000 0.0855667393 0.0954305461 
9.75051 0.02000 0.0853534322 0.0952153008 
9.75128 0.02000 0.0851405141 0.0950004481 
9.75205 0.02000 0.0849279443 0.0947859468 
9.75282 0.02000 0.0847158059 0.0945718809 
9.75358 0.02000 0.0845039758 0.0943581260 
9.75435 0.02000 0.0842925784 0.0941448077 
9.75511 0.02000 0.0840815316 0.0939318433 
9.75587 0.02000 0.0838708775 0.0937192752 
9.75663 0.02000 0.0836605339 0.0935070203 
9.75739 0.02000 0.0834505841 0.0932951628 
9.75815 0.02000 0.0832409873 0.0930836616 
9.75891 0.02000 0.0830317855 0.0928725589 
9.75967 0.02000 0.0828229794 0.0926618555 
9.76042 0.02000 0.0826144451 0.0924514265 
9.76117 0.02000 0.0824063491 0.0922414396 
9.76193 0.02000 0.0821985675 0.0920317701 
9.76268 0.02000 0.0819911839 0.0918225021 
9.76343 0.02000 0.0817836172 0.0916130494 
9.76418 0.02000 0.0815769065 0.0914044604 
9.76492 0.02000 0.0813705954 0.0911962747 
9.76567 0.02000 0.0811646015 0.0909884091 
9.76641 0.02000 0.0809589669 0.0907809060 
9.76716 0.02000 0.0807536921 0.0905737660 
9.76790 0.02000 0.0805487776 0.0903669896 
9.76864 0.02000 0.0803441825 0.0901605355 
9.76938 0.02000 0.0801399488 0.0899544460 
9.77011 0.02000 0.0799361189 0.0897487641 
9.77085 0.02000 0.0797325681 0.0895433637 
9.77159 0.02000 0.0795293804 0.0893383298 
9.77232 0.02000 0.0793265564 0.0891336629 
9.77305 0.02000 0.0791240549 0.0889293214 
9.77379 0.02000 0.0789218762 0.0887253057 
9.77452 0.02000 0.0787200210 0.0885216163 
9.77525 0.02000 0.0785185735 0.0883183384 
9.77597 0.02000 0.0783174504 0.0881153879 
9.77670 0.02000 0.0781166105 0.0879127231 
9.77743 0.02000 0.0779161379 0.0877104290 
9.77815 0.02000 0.0777160334 0.0875085062 
9.77887 0.02000 0.0775161714 0.0873068282 
9.77960 0.02000 0.0773167203 0.0871055648 
9.78032 0.02000 0.0771175968 0.0869046320 
9.78104 0.02000 0.0769187593 0.0867039878 
9.78175 0.02000 0.0767202924 0.0865037175 
9.78247 0.02000 0.0765221544 0.0863037793 
9.78319 0.02000 0.0763243461 0.0861041735 
9.78390 0.02000 0.0761268256 0.0859048583 
9.78462 0.02000 0.0759296356 0.0857058766 
9.78533 0.02000 0.0757327766 0.0855072288 
9.78604 0.02000 0.0755362490 0.0853089156 
9.78675 0.02000 0.0753400534 0.0851109373 
9.78746 0.02000 0.0751441481 0.0849132519 
9.78817 0.02000 0.0749485757 0.0847159025 
9.78887 0.02000 0.0747533368 0.0845188895 
9.78958 0.02000 0.0745583472 0.0843221282 
9.79028 0.02000 0.0743637342 0.0841257469 
9.79099 0.02000 0.0741694561 0.0839297035 
9.79169 0.02000 0.0739754710 0.0837339559 
9.79239 0.02000 0.0737813138 0.0835380345 
9.79309 0.02000 0.0735846976 0.0833396317 
9.79379 0.02000 0.0733765522 0.0831295951 
9.79449 0.02000 0.0731687301 0.0829198847 
9.79518 0.02000 0.0729612316 0.0827105008 
9.79588 0.02000 0.0732955789 0.0825014441 
9.79657 0.02000 0.0730886674 0.0822927579 
9.79727 0.02000 0.0728820389 0.0820843571 
9.79796 0.02000 0.0726757363 0.0818762850 
9.79865 0.02000 0.0724698026 0.0816685850 
9.79934 0.02000 0.0722641960 0.0814612148 
9.80003 0.02000 0.0720668779 0.0812622043 
9.80072 0.02000 0.0718732599 0.0810669256 
9.80140 0.02000 0.0716883751 0.0808804550 
9.80209 0.02000 0.0715107427 0.0807012990 
9.80277 0.02000 0.0713333355 0.0805223702 
9.80346 0.02000 0.0711561965 0.0803437118 
9.80414 0.02000 0.0709793688 0.0801653674 
9.80482 0.02000 0.0708028099 0.0799872942 
9.80550 0.02000 0.0706265631 0.0798095357 
9.80618 0.02000 0.0704505005 0.0796319629 
9.80686 0.02000 0.0702747934 0.0794547487 
9.80753 0.02000 0.0700993139 0.0792777641 
9.80821 0.02000 0.0699241051 0.0791010525 
9.80888 0.02000 0.0697492102 0.0789246576 
9.80956 0.02000 0.0695745869 0.0787485364 
9.81023 0.02000 0.0694001925 0.0785726462 
9.81090 0.02000 0.0692260703 0.0783970306 
9.81157 0.02000 0.0690522635 0.0782217330 
9.81224 0.02000 0.0688786868 0.0780466675 
9.81291 0.02000 0.0687053833 0.0778718775 
9.81358 0.02000 0.0685323534 0.0776973635 
9.81425 0.02000 0.0683596404 0.0775231691 
9.81491 0.02000 0.0681871158 0.0773491647 
9.81558 0.02000 0.0680148229 0.0771753941 
9.81624 0.02000 0.0678428910 0.0770019874 
9.81690 0.02000 0.0676711484 0.0768287718 
9.81756 0.02000 0.0674997246 0.0766558776 
9.81822 0.02000 0.0673285337 0.0764832184 
9.81888 0.02000 0.0671576193 0.0763108380 
9.81954 0.02000 0.0669864647 0.0761382154 
9.82020 0.02000 0.0668160608 0.0759663499 
9.82086 0.02000 0.0666458912 0.0757947208 
9.82151 0.02000 0.0664760426 0.0756234153 
9.82217 0.02000 0.0663063857 0.0754523033 
9.82282 0.02000 0.0661369642 0.0752814285 
9.82347 0.02000 0.0659678645 0.0751108785 
9.82413 0.02000 0.0657990008 0.0749405664 
9.82478 0.02000 0.0656303734 0.0747704926 
9.82543 0.02000 0.0654619825 0.0746006574 
9.82607 0.02000 0.0652938717 0.0744311047 
9.82672 0.02000 0.0651259548 0.0742617475 
9.82737 0.02000 0.0649583619 0.0740927172 
9.82801 0.02000 0.0647910069 0.0739239267 
9.82866 0.02000 0.0646238466 0.0737553327 
9.82930 0.02000 0.0644569682 0.0735870229 
9.82995 0.02000 0.0642903718 0.0734189976 
9.83059 0.02000 0.0641240144 0.0732512133 
9.83123 0.02000 0.0639578531 0.0730836268 
9.83187 0.02000 0.0637919314 0.0729162819 
9.83251 0.02000 0.0636262930 0.0727492229 
9.83315 0.02000 0.0634608950 0.0725824062 
9.83378 0.02000 0.0632957375 0.0724158321 
9.83442 0.02000 0.0631308209 0.0722495010 
9.83506 0.02000 0.0629661455 0.0720834131 
9.83569 0.02000 0.0628017115 0.0719175688 
9.83632 0.02000 0.0626375194 0.0717519683 
9.83696 0.02000 0.0624735693 0.0715866120 
9.83759 0.02000 0.0623098616 0.0714215002 
9.83822 0.02000 0.0621463531 0.0712565892 
9.83885 0.02000 0.0619830875 0.0710919232 
9.83948 0.02000 0.0618201087 0.0709275466 
9.84010 0.02000 0.0616573299 0.0707633716 
9.84073 0.02000 0.0614947950 0.0705994426 
9.84136 0.02000 0.0613324606 0.0704357158 
9.84198 0.02000 0.0611704142 0.0702722796 
9.84261 0.02000 0.0610085689 0.0701090461 
9.84323 0.02000 0.0608469687 0.0699460598 
9.84385 0.02000 0.0606856138 0.0697833209 
9.84448 0.02000 0.0605244607 0.0696207855 
9.84510 0.02000 0.0608981126 0.0694580571 
9.84572 0.02000 0.0607373704 0.0692960178 
9.84634 0.02000 0.0605768310 0.0691341831 
9.84696 0.02000 0.0604164946 0.0689725531 
9.84757 0.02000 0.0602564492 0.0688112163 
9.84819 0.02000 0.0600965636 0.0686500406 
9.84880 0.02000 0.0599369695 0.0684891588 
9.84942 0.02000 0.0597775795 0.0683284828 
9.85003 0.02000 0.0596184379 0.0681680572 
9.85065 0.02000 0.0594594570 0.0680077935 
9.85126 0.02000 0.0593007249 0.0678477807 
9.85187 0.02000 0.0591421980 0.0676879747 
9.85248 0.02000 0.0589839205 0.0675284201 
9.85309 0.02000 0.0588261565 0.0673693832 
9.85370 0.02000 0.0586743179 0.0672163194 
9.85431 0.02000 0.0585226017 0.0670633792 
9.85491 0.02000 0.0583711404 0.0669106957 
9.85552 0.02000 0.0582198459 0.0667581805 
9.85612 0.02000 0.0580688067 0.0666059226 
9.85673 0.02000 0.0579179789 0.0664538778 
9.85733 0.02000 0.0577673187 0.0663020021 
9.85793 0.02000 0.0576169146 0.0661503844 
9.85854 0.02000 0.0574667225 0.0659989805 
9.85914 0.02000 0.0573166989 0.0658477464 
9.85974 0.02000 0.0571668878 0.0656967265 
9.86034 0.02000 0.0570172896 0.0655459213 
9.86094 0.02000 0.0568672418 0.0653946628 
9.86153 0.02000 0.0567125014 0.0652386738 
9.86213 0.02000 0.0565579264 0.0650828517 
9.86273 0.02000 0.0564036055 0.0649272856 
9.86332 0.02000 0.0562494505 0.0647718868 
9.86392 0.02000 0.0560954617 0.0646166555 
9.86451 0.02000 0.0559417719 0.0644617257 
9.86510 0.02000 0.0557882488 0.0643069639 
9.86569 0.02000 0.0556349368 0.0641524148 
9.86629 0.02000 0.0549495709 0.0639980788 
9.86688 0.02000 0.0547967589 0.0638439561 
9.86747 0.02000 0.0546442030 0.0636900917 
9.86805 0.02000 0.0544917704 0.0635363516 
9.86864 0.02000 0.0543395499 0.0633828256 
9.86923 0.02000 0.0541872313 0.0632292005 
9.86982 0.02000 0.0540353914 0.0630760583 
9.87040 0.02000 0.0538838533 0.0629232204 
9.87099 0.02000 0.0537324840 0.0627705527 
9.87157 0.02000 0.0535783950 0.0626151421 
9.87216 0.02000 0.0534186050 0.0624539816 
9.87274 0.02000 0.0532589781 0.0622929854 
9.87332 0.02000 0.0530996478 0.0621322886 
9.87390 0.02000 0.0529404811 0.0619717567 
9.87448 0.02000 0.0527815227 0.0618114349 
9.87506 0.02000 0.0526227728 0.0616513234 
9.87564 0.02000 0.0524642317 0.0614914224 
9.87622 0.02000 0.0523059442 0.0613317773 
9.87679 0.02000 0.0521477769 0.0611722533 
9.87737 0.02000 0.0519899082 0.0610130305 
9.87795 0.02000 0.0518322048 0.0608539745 
9.87852 0.02000 0.0516747560 0.0606951752 
9.87910 0.02000 0.0515174729 0.0605365431 
9.87967 0.02000 0.0513604004 0.0603781233 
9.88024 0.02000 0.0512035386 0.0602199161 
9.88081 0.02000 0.0510468879 0.0600619217 
9.88138 0.02000 0.0508904038 0.0599040954 
9.88195 0.02000 0.0507341759 0.0597465276 
9.88252 0.02000 0.0505781598 0.0595891733 
9.88309 0.02000 0.0504223558 0.0594320329 
9.88366 0.02000 0.0507966218 0.0592750615 
9.88423 0.02000 0.0506410745 0.0591182592 
9.88479 0.02000 0.0504857850 0.0589617167 
9.88536 0.02000 0.0503307086 0.0588053890 
9.88593 0.02000 0.0501758006 0.0586492312 
9.88649 0.02000 0.0500211063 0.0584932887 
9.88705 0.02000 0.0498666258 0.0583375618 
9.88762 0.02000 0.0497123146 0.0581820055 
9.88818 0.02000 0.0495582176 0.0580266652 
9.88874 0.02000 0.0494043352 0.0578715411 
9.88930 0.02000 0.0492506226 0.0577165883 
9.88986 0.02000 0.0490971251 0.0575618523 
9.89042 0.02000 0.0489437978 0.0574072879 
9.89098 0.02000 0.0487907311 0.0572529861 
9.89154 0.02000 0.0486378351 0.0570988565 
9.89209 0.02000 0.0484847497 0.0569445359 
9.89265 0.02000 0.0483321957 0.0567907510 
9.89321 0.02000 0.0481799032 0.0566372297 
9.89376 0.02000 0.0480277372 0.0564838359 
9.89432 0.02000 0.0478757881 0.0563306608 
9.89487 0.02000 0.0477241013 0.0561777501 
9.89542 0.02000 0.0475725416 0.0560249676 
9.89597 0.02000 0.0474211544 0.0558723589 
9.89653 0.02000 0.0472700302 0.0557200153 
9.89708 0.02000 0.0471190337 0.0555678005 
9.89763 0.02000 0.0469682555 0.0554158057 
9.89818 0.02000 0.0468177410 0.0552640768 
9.89872 0.02000 0.0466673097 0.0551124317 
9.89927 0.02000 0.0465170974 0.0549610074 
9.89982 0.02000 0.0463671042 0.0548098040 
9.90037 0.02000 0.0462172852 0.0546587762 
9.90091 0.02000 0.0460675953 0.0545078785 
9.90146 0.02000 0.0459181706 0.0543572481 
9.90200 0.02000 0.0457688754 0.0542067483 
9.90255 0.02000 0.0456198459 0.0540565163 
9.90309 0.02000 0.0454709462 0.0539064152 
9.90363 0.02000 0.0453222219 0.0537564910 
9.90417 0.02000 0.0451737186 0.0536067895 
9.90471 0.02000 0.0450253912 0.0534572653 
9.90526 0.02000 0.0448772399 0.0533079185 
9.90580 0.02000 0.0447292647 0.0531587494 
9.90633 0.02000 0.0445815115 0.0530098040 
9.90687 0.02000 0.0444338894 0.0528609909 
9.90741 0.02000 0.0442864897 0.0527124019 
9.90795 0.02000 0.0441392216 0.0525639455 
9.90848 0.02000 0.0439921762 0.0524157136 
9.90902 0.02000 0.0438453082 0.0522676607 
9.90955 0.02000 0.0436986179 0.0521197868 
9.91009 0.02000 0.0435521055 0.0519720922 
9.91062 0.02000 0.0434057712 0.0518245772 
9.91116 0.02000 0.0432596607 0.0516772878 
9.91169 0.02000 0.0431136830 0.0515301323 
9.91222 0.02000 0.0429714429 0.0513867445 
9.91275 0.02000 0.0428293841 0.0512435395 
9.91328 0.02000 0.0426875523 0.0511005633 
9.91381 0.02000 0.0425454455 0.0509573099 
9.91434 0.02000 0.0424039313 0.0508146539 
9.91487 0.02000 0.0422625536 0.0506721354 
9.91540 0.02000 0.0421213579 0.0505298005 
9.91593 0.02000 0.0419803446 0.0503876495 
9.91645 0.02000 0.0418395597 0.0502457286 
9.91698 0.02000 0.0416988660 0.0501038997 
9.91751 0.02000 0.0415583552 0.0499622552 
9.91803 0.02000 0.0414180276 0.0498207953 
9.91855 0.02000 0.0412767838 0.0496784120 
9.91908 0.02000 0.0411329737 0.0495334414 
9.91960 0.02000 0.0409892988 0.0493886073 
9.92012 0.02000 0.0408458052 0.0492439559 
9.92064 0.02000 0.0407025391 0.0490995338 
9.92117 0.02000 0.0405593629 0.0489552024 
9.92169 0.02000 0.0404164145 0.0488111007 
9.92221 0.02000 0.0402736482 0.0486671825 
9.92272 0.02000 0.0401310184 0.0485234018 
9.92324 0.02000 0.0399885251 0.0483797588 
9.92376 0.02000 0.0398462603 0.0482363461 
9.92428 0.02000 0.0397041325 0.0480930716 
9.92480 0.02000 0.0395621877 0.0479499815 
9.92531 0.02000 0.0394204262 0.0478070761 
9.92583 0.02000 0.0392788021 0.0476643093 
9.92634 0.02000 0.0391373615 0.0475217275 
9.92686 0.02000 0.0389960587 0.0473792846 
9.92737 0.02000 0.0388549860 0.0472370736 
9.92788 0.02000 0.0387140514 0.0470950018 
9.92839 0.02000 0.0385732550 0.0469530694 
9.92891 0.02000 0.0384326892 0.0468113695 
9.92942 0.02000 0.0382922160 0.0466697628 
9.92993 0.02000 0.0381519737 0.0465283890 
9.93044 0.02000 0.0380118243 0.0463871088 
9.93095 0.02000 0.0378719062 0.0462460618 
9.93146 0.02000 0.0377321275 0.0461051552 
9.93196 0.02000 0.0375924881 0.0459643892 
9.93247 0.02000 0.0374530346 0.0458238105 
9.93298 0.02000 0.0373137209 0.0456833727 
9.93349 0.02000 0.0371745933 0.0455431226 
9.93399 0.02000 0.0370356058 0.0454030136 
9.93450 0.02000 0.0368964809 0.0452627662 
9.93500 0.02000 0.0367577740 0.0451229401 
9.93551 0.02000 0.0366191613 0.0449832090 
9.93601 0.02000 0.0364807818 0.0448437130 
9.93651 0.02000 0.0363425433 0.0447043591 
9.93702 0.02000 0.0362044922 0.0445651941 
9.93752 0.02000 0.0360665822 0.0444261714 
9.93802 0.02000 0.0359288136 0.0442872912 
9.93852 0.02000 0.0357911865 0.0441485536 
9.93902 0.02000 0.0356537939 0.0440100524 
9.93952 0.02000 0.0355164967 0.0438716474 
9.94002 0.02000 0.0353793879 0.0437334324 
9.94052 0.02000 0.0352424213 0.0435953607 
9.94102 0.02000 0.0351055505 0.0434573855 
9.94151 0.02000 0.0349689152 0.0433196477 
9.94201 0.02000 0.0348324224 0.0431820537 
9.94251 0.02000 0.0346952353 0.0430437596 
9.94300 0.02000 0.0345573065 0.0429047180 
9.94350 0.02000 0.0344195663 0.0427658664 
9.94399 0.02000 0.0342819683 0.0426271581 
9.94449 0.02000 0.0341444660 0.0424885464 
9.94498 0.02000 0.0340071993 0.0423501722 
9.94547 0.02000 0.0338700753 0.0422119418 
9.94597 0.02000 0.0337330941 0.0420738553 
9.94646 0.02000 0.0335963024 0.0419359599 
9.94695 0.02000 0.0334596073 0.0417981619 
9.94744 0.02000 0.0333231021 0.0416605552 
9.94793 0.02000 0.0331867403 0.0415230932 
9.94842 0.02000 0.0330505221 0.0413857759 
9.94891 0.02000 0.0329144943 0.0412486506 
9.94940 0.02000 0.0327785637 0.0411116232 
9.94988 0.02000 0.0326428239 0.0409747882 
9.95037 0.02000 0.0325072283 0.0408380985 
9.95086 0.02000 0.0323718238 0.0407016015 
9.95134 0.02000 0.0322365171 0.0405652031 
9.95183 0.02000 0.0321013550 0.0404289504 
9.95232 0.02000 0.0319663378 0.0402928438 
9.95280 0.02000 0.0318315123 0.0401569305 
9.95328 0.02000 0.0316967852 0.0400211163 
9.95377 0.02000 0.0315622970 0.0398855429 
9.95429 0.02000 0.0314168938 0.0397389666 
9.95477 0.02000 0.0312826464 0.0396036359 
9.95526 0.02000 0.0311485915 0.0394684995 
9.95574 0.02000 0.0310146357 0.0393334628 
9.95622 0.02000 0.0308808729 0.0391986207 
9.95670 0.02000 0.0307472562 0.0390639260 
9.95718 0.02000 0.0306137390 0.0389293315 
9.95766 0.02000 0.0304804622 0.0387949793 
9.95814 0.02000 0.0303472381 0.0386606803 
9.95861 0.02000 0.0302142078 0.0385265766 
9.95909 0.02000 0.0300813245 0.0383926211 
9.95957 0.02000 0.0299484942 0.0382587191 
9.96005 0.02000 0.0298159052 0.0381250602 
9.96052 0.02000 0.0296834636 0.0379915501 
9.96100 0.02000 0.0295511225 0.0378581411 
9.96147 0.02000 0.0294189761 0.0377249285 
9.96195 0.02000 0.0292869305 0.0375918175 
9.96242 0.02000 0.0291550329 0.0374588556 
9.96289 0.02000 0.0290233305 0.0373260906 
9.96337 0.02000 0.0288917292 0.0371934275 
9.96384 0.02000 0.0287602764 0.0370609140 
9.96431 0.02000 0.0286289721 0.0369285503 
9.96478 0.02000 0.0284978166 0.0367963365 
9.96525 0.02000 0.0283667627 0.0366642252 
9.96572 0.02000 0.0282359050 0.0365323117 
9.96619 0.02000 0.0281051492 0.0364005009 
9.96666 0.02000 0.0279745427 0.0362688406 
9.96713 0.02000 0.0278440856 0.0361373309 
9.96760 0.02000 0.0277137781 0.0360059720 
9.96807 0.02000 0.0275835730 0.0358747163 
9.96854 0.02000 0.0274535651 0.0357436594 
9.96900 0.02000 0.0273236599 0.0356127060 
9.96947 0.02000 0.0271938574 0.0354818563 
9.96994 0.02000 0.0270642526 0.0353512057 
9.97040 0.02000 0.0269360768 0.0352219957 
9.97087 0.02000 0.0268087155 0.0350936068 
9.97133 0.02000 0.0266815535 0.0349654188 
9.97179 0.02000 0.0265544488 0.0348372885 
9.97226 0.02000 0.0264275436 0.0347093594 
9.97272 0.02000 0.0263007907 0.0345815838 
9.97322 0.02000 0.0261637058 0.0344433928 
9.97368 0.02000 0.0260372075 0.0343158738 
9.97414 0.02000 0.0259108618 0.0341885087 
9.97460 0.02000 0.0257846216 0.0340612499 
9.97506 0.02000 0.0256584869 0.0339340975 
9.97552 0.02000 0.0255325527 0.0338071472 
9.97598 0.02000 0.0254063917 0.0336799682 
9.97644 0.02000 0.0252793380 0.0335518894 
9.97690 0.02000 0.0251523894 0.0334239165 
9.97736 0.02000 0.0250256413 0.0332961458 
9.97782 0.02000 0.0248989511 0.0331684333 
9.97827 0.02000 0.0247724139 0.0330408752 
9.97873 0.02000 0.0246460301 0.0329134716 
9.97919 0.02000 0.0245197520 0.0327861746 
9.97964 0.02000 0.0243936274 0.0326590323 
9.98010 0.02000 0.0242676089 0.0325319970 
9.98055 0.02000 0.0241417441 0.0324051167 
9.98101 0.02000 0.0240160332 0.0322783915 
9.98146 0.02000 0.0238904288 0.0321517737 
9.98191 0.02000 0.0237649785 0.0320253112 
9.98237 0.02000 0.0236396349 0.0318989562 
9.98282 0.02000 0.0235143503 0.0317726607 
9.98327 0.02000 0.0233892679 0.0316465691 
9.98372 0.02000 0.0232643881 0.0315206817 
9.98417 0.02000 0.0231395198 0.0313948059 
9.98462 0.02000 0.0230148542 0.0312691345 
9.98507 0.02000 0.0228902482 0.0311435230 
9.98552 0.02000 0.0227658452 0.0310181163 
9.98597 0.02000 0.0226415020 0.0308927698 
9.98642 0.02000 0.0225173621 0.0307676282 
9.98687 0.02000 0.0223932821 0.0306425471 
9.98731 0.02000 0.0222694057 0.0305176712 
9.98776 0.02000 0.0221456373 0.0303929042 
9.98821 0.02000 0.0220219292 0.0302681979 
9.98865 0.02000 0.0218983772 0.0301436491 
9.98910 0.02000 0.0217749815 0.0300192577 
9.98955 0.02000 0.0216516943 0.0298949757 
9.98999 0.02000 0.0215285156 0.0297708031 
9.99044 0.02000 0.0214054936 0.0296467885 
9.99088 0.02000 0.0212825803 0.0295228835 
9.99136 0.02000 0.0211497447 0.0293889761 
9.99180 0.02000 0.0210270946 0.0292653364 
9.99224 0.02000 0.0214193819 0.0291418066 
9.99269 0.02000 0.0212969364 0.0290184354 
9.99313 0.02000 0.0211746005 0.0288951746 
9.99357 0.02000 0.0210523740 0.0287720240 
9.99401 0.02000 0.0204157235 0.0286490324 
9.99445 0.02000 0.0208082982 0.0285261029 
9.99489 0.02000 0.0201720383 0.0284033811 
9.99533 0.02000 0.0200504087 0.0282807701 
9.99577 0.02000 0.0199288892 0.0281582700 
9.99621 0.02000 0.0198074316 0.0280358325 
9.99665 0.02000 0.0202003945 0.0279136032 
9.99708 0.02000 0.0195649918 0.0277914365 
9.99752 0.02000 0.0194439617 0.0276694299 
9.99796 0.02000 0.0193230421 0.0275475346 
9.99839 0.02000 0.0192022333 0.0274257511 
9.99883 0.02000 0.0195954442 0.0273040791 
9.99926 0.02000 0.0189609963 0.0271825677 
9.99970 0.02000 0.0188405684 0.0270611681 
10.00013 0.02000 0.0187202517 0.0269398806 
10.00057 0.02000 0.0186000945 0.0268187538 
10.00100 0.02000 0.0184800003 0.0266976907 
10.00144 0.02000 0.0183600176 0.0265767399 
10.00187 0.02000 0.0182401947 0.0264559502 
10.00230 0.02000 0.0181204835 0.0263352731 
10.00273 0.02000 0.0180008841 0.0262147087 
10.00316 0.02000 0.0178813966 0.0260942571 
10.00360 0.02000 0.0177620694 0.0259739671 
10.00403 0.02000 0.0176428060 0.0258537414 
10.00446 0.02000 0.0175236547 0.0257336287 
10.00489 0.02000 0.0174046641 0.0256136781 
10.00532 0.02000 0.0172857859 0.0254938407 
10.00574 0.02000 0.0171670203 0.0253741168 
10.00617 0.02000 0.0170483673 0.0252545064 
10.00660 0.02000 0.0169298270 0.0251350097 
10.00703 0.02000 0.0168113995 0.0250156266 
10.00746 0.02000 0.0166931334 0.0248964063 
10.00788 0.02000 0.0165749320 0.0247772511 
10.00831 0.02000 0.0164568436 0.0246582099 
10.00877 0.02000 0.0163292096 0.0245295462 
10.00920 0.02000 0.0162113452 0.0244107307 
10.00962 0.02000 0.0160936913 0.0242921275 
10.01005 0.02000 0.0159760538 0.0241735409 
10.01047 0.02000 0.0158585786 0.0240551178 
10.01089 0.02000 0.0157412171 0.0239368094 
10.01132 0.02000 0.0156239209 0.0238185668 
10.01174 0.02000 0.0155067873 0.0237004880 
10.01216 0.02000 0.0153897677 0.0235825243 
10.01259 0.02000 0.0152728623 0.0234646756 
10.01301 0.02000 0.0151560712 0.0233469422 
10.01343 0.02000 0.0150393945 0.0232293241 
10.01385 0.02000 0.0149228323 0.0231118213 
10.01427 0.02000 0.0148063359 0.0229943850 
10.01469 0.02000 0.0146900029 0.0228771134 
10.01511 0.02000 0.0145737360 0.0227599083 
10.01553 0.02000 0.0144575351 0.0226427699 
10.01595 0.02000 0.0143402790 0.0225245676 
10.01637 0.02000 0.0142230884 0.0224064315 
10.01679 0.02000 0.0141060123 0.0222884108 
10.01720 0.02000 0.0139890996 0.0221705548 
10.01762 0.02000 0.0138723017 0.0220528144 
10.01804 0.02000 0.0137555697 0.0219351406 
10.01846 0.02000 0.0136389525 0.0218175825 
10.01887 0.02000 0.0135224016 0.0217000911 
10.01929 0.02000 0.0134060145 0.0215827650 
10.01970 0.02000 0.0132897915 0.0214656043 
10.02012 0.02000 0.0131735861 0.0213484612 
10.02053 0.02000 0.0130575449 0.0212314838 
10.02095 0.02000 0.0129415703 0.0211145734 
10.02136 0.02000 0.0128257603 0.0209978289 
10.02177 0.02000 0.0127100169 0.0208811517 
10.02219 0.02000 0.0125944383 0.0207646405 
10.02260 0.02000 0.0124789266 0.0206481968 
10.02301 0.02000 0.0128740522 0.0205318701 
10.02342 0.02000 0.0122482513 0.0204156603 
10.02384 0.02000 0.0126434439 0.0202995183 
10.02425 0.02000 0.0125283387 0.0201835429 
10.02466 0.02000 0.0124133009 0.0200676353 
10.02507 0.02000 0.0122984287 0.0199518946 
10.02551 0.02000 0.0121742479 0.0198267750 
10.02592 0.02000 0.0120595575 0.0197112174 
10.02633 0.02000 0.0119449839 0.0195957776 
10.02674 0.02000 0.0118304781 0.0194804061 
10.02715 0.02000 0.0117161385 0.0193652020 
10.02755 0.02000 0.0116019159 0.0192501159 
10.02796 0.02000 0.0114877615 0.0191350984 
10.02837 0.02000 0.0113736751 0.0190201495 
10.02878 0.02000 0.0112598046 0.0189054180 
10.02918 0.02000 0.0111459531 0.0187907058 
10.02959 0.02000 0.0110322192 0.0186761120 
10.02999 0.02000 0.0109186523 0.0185616865 
10.03040 0.02000 0.0108051046 0.0184472803 
10.03080 0.02000 0.0106919704 0.0183332908 
10.03121 0.02000 0.0105802846 0.0182207606 
10.03161 0.02000 0.0104687178 0.0181083503 
10.03202 0.02000 0.0103572207 0.0179960102 
10.03242 0.02000 0.0102458426 0.0178837900 
10.03282 0.02000 0.0101345344 0.0177716403 
10.03323 0.02000 0.0100233455 0.0176596107 
10.03363 0.02000 0.0099122759 0.0175477014 
10.03403 0.02000 0.0098012764 0.0174358627 
10.03443 0.02000 0.0096903965 0.0173241444 
10.03483 0.02000 0.0095796362 0.0172125467 
10.03523 0.02000 0.0094689462 0.0171010199 
10.03563 0.02000 0.0093583760 0.0169896137 
10.03603 0.02000 0.0092471349 0.0168775316 
10.03643 0.02000 0.0091354202 0.0167649722 
10.03683 0.02000 0.0090237754 0.0166524833 
10.03723 0.02000 0.0089122500 0.0165401148 
10.03763 0.02000 0.0088008442 0.0164278668 
10.03803 0.02000 0.0086895087 0.0163156894 
10.03843 0.02000 0.0085782928 0.0162036327 
10.03882 0.02000 0.0084671473 0.0160916469 
10.03922 0.02000 0.0083561712 0.0159798318 
10.03962 0.02000 0.0082452656 0.0158680877 
10.04002 0.02000 0.0081344306 0.0157564147 
10.04041 0.02000 0.0080237158 0.0156448628 
10.04081 0.02000 0.0079131212 0.0155334321 
10.04120 0.02000 0.0078025975 0.0154220727 
10.04163 0.02000 0.0076830670 0.0153016386 
10.04202 0.02000 0.0075727820 0.0151905198 
10.04242 0.02000 0.0074625680 0.0150794725 
10.04281 0.02000 0.0073524747 0.0149685468 
10.04321 0.02000 0.0072424526 0.0148576929 
10.04360 0.02000 0.0071326011 0.0147470109 
10.04399 0.02000 0.0070227712 0.0146363507 
10.04438 0.02000 0.0069130625 0.0145258125 
10.04478 0.02000 0.0068034749 0.0144153964 
10.04517 0.02000 0.0066940086 0.0143051024 
10.04556 0.02000 0.0065845643 0.0141948307 
10.04595 0.02000 0.0064752414 0.0140846812 
10.04634 0.02000 0.0063660400 0.0139746542 
10.04673 0.02000 0.0062569105 0.0138646996 
10.04712 0.02000 0.0061479525 0.0137549178 
10.04751 0.02000 0.0060389668 0.0136451082 
10.04790 0.02000 0.0059302028 0.0135355218 
10.04829 0.02000 0.0058214610 0.0134259580 
10.04868 0.02000 0.0057128413 0.0133165170 
10.04907 0.02000 0.0056043438 0.0132071992 
10.04945 0.02000 0.0054958688 0.0130979041 
10.04984 0.02000 0.0053875161 0.0129887322 
10.05023 0.02000 0.0052792858 0.0128796836 
10.05062 0.02000 0.0051711780 0.0127707585 
10.05100 0.02000 0.0050631430 0.0126619066 
10.05139 0.02000 0.0049551307 0.0125530778 
10.05177 0.02000 0.0048472911 0.0124444228 
10.05216 0.02000 0.0047395244 0.0123358414 
10.05254 0.02000 0.0046318806 0.0122273838 
10.05293 0.02000 0.0045243099 0.0121189997 
10.05331 0.02000 0.0044168123 0.0120106894 
10.05370 0.02000 0.0043094878 0.0119025535 
10.05408 0.02000 0.0042022366 0.0117944914 
10.05447 0.02000 0.0040950088 0.0116864529 
10.05485 0.02000 0.0039879043 0.0115785387 
10.05523 0.02000 0.0038809234 0.0114707489 
10.05561 0.02000 0.0037740160 0.0113630333 
10.05600 0.02000 0.0036672324 0.0112554423 
10.05638 0.02000 0.0035604723 0.0111478751 
10.05676 0.02000 0.0034538862 0.0110404831 
10.05717 0.02000 0.0033386052 0.0109243306 
10.05755 0.02000 0.0032321647 0.0108170853 
10.05793 0.02000 0.0031258482 0.0107099650 
10.05831 0.02000 0.0030196058 0.0106029194 
10.05869 0.02000 0.0029134376 0.0104959485 
10.05907 0.02000 0.0028074438 0.0103891533 
10.05945 0.02000 0.0027014240 0.0102823320 
10.05983 0.02000 0.0025955789 0.0101756866 
10.06021 0.02000 0.0024898082 0.0100691162 
10.06059 0.02000 0.0023841120 0.0099626209 
10.06096 0.02000 0.0022784903 0.0098562006 
10.06134 0.02000 0.0021729934 0.0097499062 
10.06172 0.02000 0.0020676215 0.0096437376 
10.06210 0.02000 0.0019622741 0.0095375937 
10.06247 0.02000 0.0018570517 0.0094315758 
10.06285 0.02000 0.0017519043 0.0093256334 
10.06322 0.02000 0.0016468821 0.0092198172 
10.06360 0.02000 0.0015419350 0.0091140766 
10.06397 0.02000 0.0014370629 0.0090084117 
10.06435 0.02000 0.0013322660 0.0089028225 
10.06472 0.02000 0.0012275947 0.0087973598 
10.06510 0.02000 0.0011229987 0.0086919730 
10.06547 0.02000 0.0010185285 0.0085867129 
10.06584 0.02000 0.0009140832 0.0084814780 
10.06622 0.02000 0.0008097639 0.0083763700 
10.06659 0.02000 0.0007055706 0.0082713889 
10.06696 0.02000 0.0006014025 0.0081664333 
10.06734 0.02000 0.0004973101 0.0080615539 
10.06771 0.02000 0.0003933944 0.0079568525 
10.06808 0.02000 0.0002895041 0.0078521767 
10.06845 0.02000 0.0001857401 0.0077476283 
10.06882 0.02000 0.0000820017 0.0076431055 
10.06919 0.02000 -0.0000216102 0.0075387102 
10.06956 0.02000 -0.0001250955 0.0074344426 
10.06993 0.02000 -0.0002285552 0.0073302007 
10.07030 0.02000 -0.0003318881 0.0072260866 
10.07067 0.02000 -0.0004351446 0.0071220494 
10.07104 0.02000 -0.0005383247 0.0070180891 
10.07141 0.02000 -0.0006414285 0.0069142059 
10.07178 0.02000 -0.0007444051 0.0068104507 
10.07218 0.02000 -0.0008558054 0.0066982082 
10.07254 0.02000 -0.0009586308 0.0065946053 
10.07291 0.02000 -0.0010613289 0.0064911308 
10.07328 0.02000 -0.0011639503 0.0063877336 
10.07365 0.02000 -0.0012665454 0.0062843628 
10.07401 0.02000 -0.0013690130 0.0061811205 
10.07438 0.02000 -0.0014713529 0.0060780069 
10.07474 0.02000 -0.0015736664 0.0059749198 
10.07511 0.02000 -0.0016759029 0.0058719104 
10.07548 0.02000 -0.0017780114 0.0057690298 
10.07584 0.02000 -0.0018799921 0.0056662781 
10.07621 0.02000 -0.0019819461 0.0055635533 
10.07657 0.02000 -0.0020838228 0.0054609063 
10.07693 0.02000 -0.0021856221 0.0053583374 
10.07730 0.02000 -0.0022872931 0.0052558978 
10.07766 0.02000 -0.0023889373 0.0051534851 
10.07802 0.02000 -0.0024904531 0.0050512017 
10.07839 0.02000 -0.0025918912 0.0049489967 
10.07875 0.02000 -0.0026932516 0.0048468700 
10.07911 0.02000 -0.0027944833 0.0047448729 
10.07947 0.02000 -0.0028956880 0.0046429030 
10.07984 0.02000 -0.0029967640 0.0045410629 
10.08020 0.02000 -0.0030978127 0.0044392502 
10.08056 0.02000 -0.0031987326 0.0043375673 
10.08092 0.02000 -0.0032996252 0.0042359120 
10.08128 0.02000 -0.0034003887 0.0041343866 
10.08164 0.02000 -0.0035010230 0.0040329914 
10.08200 0.02000 -0.0036016809 0.0039315726 
10.08236 0.02000 -0.0037021585 0.0038303352 
10.08272 0.02000 -0.0038026086 0.0037291257 
10.08308 0.02000 -0.0039029293 0.0036280465 
10.08344 0.02000 -0.0040032224 0.0035269952 
10.08379 0.02000 -0.0041034368 0.0034260231 
10.08415 0.02000 -0.0042035216 0.0033251816 
10.08451 0.02000 -0.0043035276 0.0032244195 
10.08487 0.02000 -0.0044034548 0.0031237369 
10.08523 0.02000 -0.0045033031 0.0030231336 
10.08558 0.02000 -0.0046030724 0.0029226100 
10.08594 0.02000 -0.0047027628 0.0028221659 
10.08629 0.02000 -0.0048023741 0.0027218015 
10.08668 0.02000 -0.0049100782 0.0026132831 
10.08704 0.02000 -0.0050095331 0.0025130763 
10.08739 0.02000 -0.0051088576 0.0024130009 
10.08775 0.02000 -0.0052081028 0.0023130053 
10.08810 0.02000 -0.0053073197 0.0022130383 
10.08846 0.02000 -0.0054064572 0.0021131512 
10.08881 0.02000 -0.0055054641 0.0020133958 
10.08916 0.02000 -0.0056044426 0.0019136690 
10.08952 0.02000 -0.0057032902 0.0018140740 
10.08987 0.02000 -0.0058020582 0.0017145593 
10.09022 0.02000 -0.0059007977 0.0016150733 
10.09058 0.02000 -0.0059994574 0.0015156677 
10.09093 0.02000 -0.0060979860 0.0014163942 
10.09128 0.02000 -0.0061964346 0.0013172012 
10.09163 0.02000 -0.0062953670 0.0012175209 
10.09199 0.02000 -0.0063949370 0.0011171980 
10.09234 0.02000 -0.0064944275 0.0010169553 
10.09269 0.02000 -0.0065937872 0.0009168444 
10.09304 0.02000 -0.0066931185 0.0008167621 
10.09339 0.02000 -0.0067923701 0.0007167602 
10.09374 0.02000 -0.0068915419 0.0006168386 
10.09409 0.02000 -0.0069906340 0.0005169973 
10.09444 0.02000 -0.0070896461 0.0004172366 
10.09479 0.02000 -0.0071885783 0.0003175565 
10.09514 0.02000 -0.0072873791 0.0002180087 
10.09549 0.02000 -0.0073860998 0.0001185416 
10.09584 0.02000 -0.0074831990 0.0000207083 
10.09618 0.02000 -0.0075802172 -0.0000770435 
10.09653 0.02000 -0.0076771545 -0.0001747136 
10.09688 0.02000 -0.0077740108 -0.0002723022 
10.09723 0.02000 -0.0078708117 -0.0003698349 
10.09757 0.02000 -0.0079675057 -0.0004672600 
10.09792 0.02000 -0.0080641442 -0.0005646292 
10.09827 0.02000 -0.0081607016 -0.0006619165 
10.09861 0.02000 -0.0082571776 -0.0007591219 
10.09896 0.02000 -0.0083535722 -0.0008562454 
10.09931 0.02000 -0.0084498854 -0.0009532867 
10.09965 0.02000 -0.0085461170 -0.0010502460 
10.10000 0.02000 -0.0086426793 -0.0011475383 
10.10037 0.02000 -0.0087483844 -0.0012540425 
10.10072 0.02000 -0.0088459971 -0.0013523933 
10.10106 0.02000 -0.0089435289 -0.0014506624 
10.10140 0.02000 -0.0090409795 -0.0015488498 
10.10175 0.02000 -0.0091383491 -0.0016469556 
10.10209 0.02000 -0.0092356117 -0.0017449535 
10.10243 0.02000 -0.0093328446 -0.0018429215 
10.10278 0.02000 -0.0094299962 -0.0019408077 
10.10312 0.02000 -0.0095270407 -0.0020385858 
10.10346 0.02000 -0.0096240554 -0.0021363340 
10.10381 0.02000 -0.0097209370 -0.0022339481 
10.10415 0.02000 -0.0098177887 -0.0023315320 
10.10449 0.02000 -0.0099145330 -0.0024290078 
10.10483 0.02000 -0.0100112473 -0.0025264533 
10.10517 0.02000 -0.0101078541 -0.0026237905 
10.10551 0.02000 -0.0102043792 -0.0027210453 
10.10585 0.02000 -0.0103008224 -0.0028182177 
10.10619 0.02000 -0.0103972096 -0.0029153337 
10.10653 0.02000 -0.0104934890 -0.0030123410 
10.10687 0.02000 -0.0105897382 -0.0031093179 
10.10721 0.02000 -0.0106858795 -0.0032061861 
10.10755 0.02000 -0.0107819646 -0.0033029976 
10.10789 0.02000 -0.0108779674 -0.0033997263 
10.10823 0.02000 -0.0109738881 -0.0034963722 
10.10857 0.02000 -0.0110697525 -0.0035929613 
10.10891 0.02000 -0.0111655345 -0.0036894675 
10.10924 0.02000 -0.0112612601 -0.0037859168 
10.10958 0.02000 -0.0113568773 -0.0038822569 
10.10992 0.02000 -0.0114524379 -0.0039785400 
10.11026 0.02000 -0.0115479160 -0.0040747399 
10.11059 0.02000 -0.0116433115 -0.0041708567 
10.11093 0.02000 -0.0117386502 -0.0042669162 
10.11127 0.02000 -0.0118339063 -0.0043628924 
10.11160 0.02000 -0.0119291055 -0.0044588115 
10.11194 0.02000 -0.0120241960 -0.0045546208 
10.11228 0.02000 -0.0121192295 -0.0046503729 
10.11261 0.02000 -0.0122142321 -0.0047460937 
10.11295 0.02000 -0.0123090996 -0.0048416785 
10.11328 0.02000 -0.0124039102 -0.0049372059 
10.11362 0.02000 -0.0124986636 -0.0050326757 
10.11398 0.02000 -0.0126011070 -0.0051358936 
10.11431 0.02000 -0.0126957218 -0.0052312237 
10.11464 0.02000 -0.0127902273 -0.0053264437 
10.11498 0.02000 -0.0128846754 -0.0054216060 
10.11531 0.02000 -0.0129790662 -0.0055167104 
10.11564 0.02000 -0.0130733476 -0.0056117045 
10.11598 0.02000 -0.0131675975 -0.0057066671 
10.11631 0.02000 -0.0132617379 -0.0058015192 
10.11664 0.02000 -0.0133558467 -0.0058963395 
10.11697 0.02000 -0.0134498458 -0.0059910493 
10.11731 0.02000 -0.0135437873 -0.0060857010 
10.11764 0.02000 -0.0136376711 -0.0061802946 
10.11797 0.02000 -0.0137314711 -0.0062748037 
10.11830 0.02000 -0.0138252132 -0.0063692547 
10.11863 0.02000 -0.0139188715 -0.0064636210 
10.11896 0.02000 -0.0140124458 -0.0065579028 
10.11929 0.02000 -0.0141059621 -0.0066521261 
10.11962 0.02000 -0.0141994204 -0.0067462910 
10.11995 0.02000 -0.0142927686 -0.0068403449 
10.12028 0.02000 -0.0143860847 -0.0069343666 
10.12061 0.02000 -0.0144793166 -0.0070283033 
10.12094 0.02000 -0.0145724903 -0.0071221815 
10.12127 0.02000 -0.0146655535 -0.0072159483 
10.12160 0.02000 -0.0147585846 -0.0073096828 
10.12192 0.02000 -0.0148515312 -0.0074033321 
10.12225 0.02000 -0.0149444195 -0.0074969226 
10.12258 0.02000 -0.0150372232 -0.0075904280 
10.12291 0.02000 -0.0151299684 -0.0076838744 
10.12323 0.02000 -0.0152226290 -0.0077772356 
10.12356 0.02000 -0.0153152572 -0.0078705641 
10.12389 0.02000 -0.0154077744 -0.0079637808 
10.12422 0.02000 -0.0155002330 -0.0080569384 
10.12454 0.02000 -0.0155926329 -0.0081500369 
10.12487 0.02000 -0.0156849479 -0.0082430498 
10.12519 0.02000 -0.0157772041 -0.0083360035 
10.12552 0.02000 -0.0158693752 -0.0084288715 
10.12584 0.02000 -0.0159614875 -0.0085216802 
10.12617 0.02000 -0.0160535408 -0.0086144295 
10.12649 0.02000 -0.0161455352 -0.0087071194 
10.12682 0.02000 -0.0162374181 -0.0087996969 
10.12717 0.02000 -0.0163368205 -0.0088998509 
10.12749 0.02000 -0.0164285605 -0.0089922845 
10.12782 0.02000 -0.0165202677 -0.0090846851 
10.12814 0.02000 -0.0166119157 -0.0091770259 
10.12846 0.02000 -0.0167034519 -0.0092692542 
10.12879 0.02000 -0.0167949550 -0.0093614491 
10.12911 0.02000 -0.0168863725 -0.0094535578 
10.12943 0.02000 -0.0169777569 -0.0095456331 
10.12976 0.02000 -0.0165736005 -0.0096375956 
10.13008 0.02000 -0.0166648594 -0.0097294982 
10.13040 0.02000 -0.0167560588 -0.0098213408 
10.13072 0.02000 -0.0168471723 -0.0099130969 
10.13104 0.02000 -0.0169382787 -0.0100048459 
10.13136 0.02000 -0.0170292728 -0.0100964818 
10.13168 0.02000 -0.0171201809 -0.0101880310 
10.13201 0.02000 -0.0172110555 -0.0102795465 
10.13233 0.02000 -0.0173018439 -0.0103709753 
10.13265 0.02000 -0.0173925725 -0.0104623438 
10.13297 0.02000 -0.0174832148 -0.0105536254 
10.13329 0.02000 -0.0175738235 -0.0106448731 
10.13361 0.02000 -0.0176643722 -0.0107360605 
10.13392 0.02000 -0.0177548344 -0.0108271607 
10.13424 0.02000 -0.0178452103 -0.0109181740 
10.13456 0.02000 -0.0179355523 -0.0110091532 
10.13488 0.02000 -0.0180258078 -0.0111000453 
10.13520 0.02000 -0.0181160031 -0.0111908767 
10.13552 0.02000 -0.0182061117 -0.0112816208 
10.13584 0.02000 -0.0182962127 -0.0113723573 
10.13615 0.02000 -0.0183862006 -0.0114629799 
10.13647 0.02000 -0.0184761281 -0.0115535416 
10.13679 0.02000 -0.0185659952 -0.0116440425 
10.13711 0.02000 -0.0186558018 -0.0117344825 
10.13742 0.02000 -0.0187455213 -0.0118248348 
10.13774 0.02000 -0.0188352068 -0.0119151528 
10.13805 0.02000 -0.0189248052 -0.0120053831 
10.13837 0.02000 -0.0190143429 -0.0120955523 
10.13869 0.02000 -0.0191038199 -0.0121856604 
10.13900 0.02000 -0.0191932361 -0.0122757073 
10.13932 0.02000 -0.0192825915 -0.0123656930 
10.13963 0.02000 -0.0193718597 -0.0124555907 
10.13997 0.02000 -0.0194683959 -0.0125528078 
10.14029 0.02000 -0.0195575438 -0.0126425844 
10.14060 0.02000 -0.0196466041 -0.0127322729 
10.14092 0.02000 -0.0197356300 -0.0128219266 
10.14123 0.02000 -0.0198245948 -0.0129115189 
10.14154 0.02000 -0.0199134720 -0.0130010229 
10.14186 0.02000 -0.0200022880 -0.0130904654 
10.14217 0.02000 -0.0200910429 -0.0131798462 
10.14248 0.02000 -0.0201797365 -0.0132691654 
10.14280 0.02000 -0.0202683688 -0.0133584228 
10.14311 0.02000 -0.0203569399 -0.0134476185 
10.14342 0.02000 -0.0204454230 -0.0135367257 
10.14373 0.02000 -0.0205338712 -0.0136257978 
10.14405 0.02000 -0.0206222580 -0.0137148079 
10.14436 0.02000 -0.0207105833 -0.0138037562 
10.14467 0.02000 -0.0207988206 -0.0138926158 
10.14498 0.02000 -0.0208870228 -0.0139814401 
10.14529 0.02000 -0.0209751369 -0.0140701756 
10.14560 0.02000 -0.0210631893 -0.0141588490 
10.14591 0.02000 -0.0211512065 -0.0142474871 
10.14622 0.02000 -0.0212391355 -0.0143360362 
10.14653 0.02000 -0.0213270026 -0.0144245230 
10.14684 0.02000 -0.0214148080 -0.0145129477 
10.14715 0.02000 -0.0215025514 -0.0146013100 
10.14746 0.02000 -0.0215902596 -0.0146896367 
10.14777 0.02000 -0.0216778526 -0.0147778475 
10.14808 0.02000 -0.0217654368 -0.0148660494 
10.14839 0.02000 -0.0218529324 -0.0149541621 
10.14870 0.02000 -0.0219403658 -0.0150422123 
10.14901 0.02000 -0.0220277106 -0.0151301731 
10.14932 0.02000 -0.0221150465 -0.0152181249 
10.14962 0.02000 -0.0222022935 -0.0153059873 
10.14993 0.02000 -0.0222894783 -0.0153937870 
10.15024 0.02000 -0.0223766008 -0.0154815239 
10.15055 0.02000 -0.0224636610 -0.0155691981 
10.15085 0.02000 -0.0225506588 -0.0156568095 
10.15116 0.02000 -0.0226375942 -0.0157443580 
10.15147 0.02000 -0.0227244938 -0.0158318706 
10.15177 0.02000 -0.0228113043 -0.0159192933 
