7.00000 0.00010 1.0484979010 1.2979502267 
7.30103 0.00010 0.9379401480 1.0672050991 
7.47712 0.00010 0.8660809371 0.9571331550 
7.60206 0.00010 0.8137317756 0.8863942869 
7.69897 0.00010 0.7717211617 0.8322144864 
7.77815 0.00010 0.7370568223 0.7898848391 
7.84510 0.00010 0.7078491573 0.7561679349 
7.90309 0.00010 0.6820793035 0.7270038663 
7.95424 0.00010 0.6591316600 0.7016953249 
8.00000 0.00010 0.6388598179 0.6800414236 
8.04139 0.00010 0.6207156219 0.6597390001 
8.07918 0.00010 0.6038429788 0.6416191063 
8.11394 0.00010 0.5885109975 0.6250939017 
8.14613 0.00010 0.5747024723 0.6101433464 
8.17609 0.00010 0.5619241083 0.5962608857 
8.20412 0.00010 0.5492065532 0.5832637525 
8.23045 0.00010 0.5373690189 0.5711659861 
8.25527 0.00010 0.5270309434 0.5598031966 
8.27875 0.00010 0.5166043597 0.5491528437 
8.30103 0.00010 0.5067521104 0.5390891511 
8.32222 0.00010 0.4981885912 0.5295602624 
8.34242 0.00010 0.4894307018 0.5206189851 
8.36173 0.00010 0.4810621610 0.5120752093 
8.38021 0.00010 0.4730728703 0.5039186250 
8.39794 0.00010 0.4655531151 0.4962414081 
8.41497 0.00010 0.4583283171 0.4888653248 
8.43136 0.00010 0.4513762251 0.4817676578 
8.44716 0.00010 0.4447197445 0.4749717923 
8.46240 0.00010 0.4383961948 0.4685158291 
8.47712 0.00010 0.4322870318 0.4622787418 
8.49136 0.00010 0.4263781845 0.4562461649 
8.50515 0.00010 0.4206569771 0.4504051569 
8.51851 0.00010 0.4151770944 0.4448105269 
8.53148 0.00010 0.4099517711 0.4394757867 
8.54407 0.00010 0.4048779172 0.4342956876 
8.55630 0.00010 0.3999470262 0.4292615452 
8.56820 0.00010 0.3951512408 0.4243653373 
8.57978 0.00010 0.3904833617 0.4195997140 
8.59106 0.00010 0.3859395414 0.4149607473 
8.60206 0.00010 0.3816529008 0.4105843456 
8.61278 0.00010 0.3774721128 0.4063160130 
8.62325 0.00010 0.3733920360 0.4021505005 
8.63347 0.00010 0.3694080420 0.3980830827 
8.64345 0.00010 0.3655155694 0.3941091028 
8.65321 0.00010 0.3617106404 0.3902244996 
8.66276 0.00010 0.3579892791 0.3864252139 
8.67210 0.00010 0.3543479875 0.3827076747 
8.68124 0.00010 0.3507983974 0.3790837571 
8.69020 0.00010 0.3473699919 0.3755835617 
8.69897 0.00010 0.3440108188 0.3721540484 
8.70757 0.00010 0.3407181941 0.3687924770 
8.71600 0.00010 0.3374894656 0.3654961398 
8.72428 0.00010 0.3343222851 0.3622626393 
8.73239 0.00010 0.3312871562 0.3591639557 
8.74036 0.00010 0.3283233122 0.3561380496 
8.74819 0.00010 0.3254107720 0.3531645216 
8.75587 0.00010 0.3225879998 0.3502826413 
8.76343 0.00010 0.3198269887 0.3474638153 
8.77085 0.00010 0.3171132031 0.3446932038 
8.77815 0.00010 0.3144385297 0.3419625235 
8.78533 0.00010 0.3118251335 0.3392944034 
8.79239 0.00010 0.3092542136 0.3366696491 
8.79934 0.00010 0.3067244330 0.3340868956 
8.80618 0.00010 0.3042450365 0.3315555812 
8.81291 0.00010 0.3011552629 0.3290799032 
8.81954 0.00010 0.2987685953 0.3266420143 
8.82607 0.00010 0.2964177531 0.3242407197 
8.83251 0.00010 0.2940946158 0.3218677246 
8.83885 0.00010 0.2918499793 0.3195749150 
8.84510 0.00010 0.2896376130 0.3173150681 
8.85126 0.00010 0.2874566127 0.3150872604 
8.85733 0.00010 0.2853033306 0.3128877659 
8.86332 0.00010 0.2831778997 0.3107167202 
8.86923 0.00010 0.2810697859 0.3085633634 
8.87506 0.00010 0.2789899132 0.3064388536 
8.88081 0.00010 0.2769350270 0.3043398667 
8.88649 0.00010 0.2749095838 0.3022709546 
8.89209 0.00010 0.2729289058 0.3002477684 
8.89763 0.00010 0.2709963185 0.2982737050 
8.90309 0.00010 0.2690855985 0.2963219783 
8.90849 0.00010 0.2665534962 0.2943969524 
8.91381 0.00010 0.2646930087 0.2924955646 
8.91908 0.00010 0.2628550585 0.2906172096 
8.92428 0.00010 0.2610661588 0.2887889834 
8.92942 0.00010 0.2593081554 0.2869923327 
8.93450 0.00010 0.2575707207 0.2852167028 
8.93952 0.00010 0.2558533466 0.2834615745 
8.94448 0.00010 0.2541534460 0.2817243039 
8.94939 0.00010 0.2524748994 0.2800088568 
8.95424 0.00010 0.2508144915 0.2783119471 
8.95904 0.00010 0.2491708005 0.2766321218 
8.96379 0.00010 0.2475429973 0.2749685336 
8.96848 0.00010 0.2459348532 0.2733250366 
8.97313 0.00010 0.2437077383 0.2716991146 
8.97772 0.00010 0.2421344382 0.2700904051 
8.98227 0.00010 0.2405756168 0.2684965002 
8.98677 0.00010 0.2390432308 0.2669296257 
8.99123 0.00010 0.2375320367 0.2653844201 
8.99564 0.00010 0.2360362138 0.2638549317 
9.00000 0.00010 0.2345535088 0.2623388563 
9.00432 0.00010 0.2330869937 0.2608393353 
9.00860 0.00010 0.2316349042 0.2593545644 
9.01284 0.00010 0.2301969865 0.2578842844 
9.01703 0.00010 0.2287729811 0.2564282298 
9.02119 0.00010 0.2273621440 0.2549856399 
9.02531 0.00010 0.2259564047 0.2535482624 
9.02938 0.00010 0.2245638764 0.2521243933 
9.03342 0.00010 0.2225586369 0.2507137744 
9.03743 0.00010 0.2211925812 0.2493162589 
9.04139 0.00010 0.2198389577 0.2479314619 
9.04532 0.00010 0.2184976129 0.2465592263 
9.04922 0.00010 0.2171682742 0.2451992734 
9.05308 0.00010 0.2158507507 0.2438514077 
9.05690 0.00010 0.2145073804 0.2424771000 
9.06070 0.00010 0.2131179734 0.2410556954 
9.06446 0.00010 0.2123606919 0.2396465591 
9.06818 0.00010 0.2109944391 0.2382495569 
9.07188 0.00010 0.2096398010 0.2368644308 
9.07554 0.00010 0.2082965793 0.2354909780 
9.07918 0.00010 0.2069646306 0.2341290520 
9.08278 0.00010 0.2056437191 0.2327784115 
9.08636 0.00010 0.2043336638 0.2314388716 
9.08990 0.00010 0.2030077213 0.2300830869 
9.09342 0.00010 0.2022295834 0.2286589659 
9.09691 0.00010 0.2008473024 0.2272462972 
9.10037 0.00010 0.1994760508 0.2258449005 
9.10380 0.00010 0.1987281515 0.2244545605 
9.10721 0.00010 0.1973776931 0.2230751193 
9.11059 0.00010 0.1960377465 0.2217064156 
9.11394 0.00010 0.1953186299 0.2203482846 
9.11727 0.00010 0.1939985453 0.2190005578 
9.12057 0.00010 0.1926885139 0.2176630946 
9.12385 0.00010 0.1913832488 0.2163304977 
9.12710 0.00010 0.1907330392 0.2150461181 
9.13033 0.00010 0.1894836833 0.2137712521 
9.13353 0.00010 0.1882435573 0.2125058045 
9.13671 0.00010 0.1870125345 0.2112496460 
9.13987 0.00010 0.1863957582 0.2100026126 
9.14301 0.00010 0.1851818691 0.2087645696 
9.14613 0.00010 0.1839741735 0.2075328432 
9.14922 0.00010 0.1827775952 0.2063124555 
9.15229 0.00010 0.1822163416 0.2051251743 
9.15534 0.00010 0.1809697705 0.2038544474 
9.15836 0.00010 0.1795989845 0.2024570984 
9.16137 0.00010 0.1788384824 0.2010693814 
9.16435 0.00010 0.1780859626 0.1996912070 
9.16732 0.00010 0.1767418567 0.1983224511 
9.17026 0.00010 0.1760055908 0.1969629206 
9.17318 0.00010 0.1746788970 0.1956125841 
9.17609 0.00010 0.1739585404 0.1942713090 
9.17897 0.00010 0.1726487876 0.1929388939 
9.18184 0.00010 0.1719437790 0.1916152666 
9.18469 0.00010 0.1708047859 0.1904571552 
9.18752 0.00010 0.1697385746 0.1893730471 
9.19033 0.00010 0.1692736786 0.1882959245 
9.19312 0.00010 0.1682200349 0.1872251397 
9.19590 0.00010 0.1671717843 0.1861598357 
9.19865 0.00010 0.1661331976 0.1851043529 
9.20139 0.00010 0.1651029179 0.1840573121 
9.20412 0.00010 0.1640791730 0.1830169125 
9.20682 0.00010 0.1636530017 0.1819829016 
9.20951 0.00010 0.1626413664 0.1809553310 
9.21218 0.00010 0.1616359877 0.1799341155 
9.21484 0.00010 0.1606367129 0.1789191001 
9.21748 0.00010 0.1596435566 0.1779102996 
9.22010 0.00010 0.1587138804 0.1769659791 
9.22271 0.00010 0.1578060350 0.1760438334 
9.22530 0.00010 0.1569036480 0.1751272319 
9.22788 0.00010 0.1565939889 0.1742160406 
9.23044 0.00010 0.1557017705 0.1733102282 
9.23299 0.00010 0.1548147846 0.1724097280 
9.23552 0.00010 0.1539317964 0.1715132864 
9.23804 0.00010 0.1530500459 0.1706181015 
9.24054 0.00010 0.1521734084 0.1697281074 
9.24303 0.00010 0.1513038204 0.1688452702 
9.24551 0.00010 0.1504421946 0.1679705165 
9.24797 0.00010 0.1495854590 0.1671007275 
9.25041 0.00010 0.1487335422 0.1662358308 
9.25285 0.00010 0.1478864417 0.1653758238 
9.25527 0.00010 0.1470418502 0.1645183639 
9.25768 0.00010 0.1461966024 0.1636602378 
9.26007 0.00010 0.1453817186 0.1628329382 
9.26245 0.00010 0.1445713196 0.1620101919 
9.26482 0.00010 0.1437653284 0.1611919205 
9.26717 0.00010 0.1429637025 0.1603780809 
9.26951 0.00010 0.1421664338 0.1595686649 
9.27184 0.00010 0.1413733728 0.1587635207 
9.27416 0.00010 0.1411638520 0.1579627108 
9.27646 0.00010 0.1403788864 0.1571661898 
9.27875 0.00010 0.1395980311 0.1563738397 
9.28103 0.00010 0.1388156773 0.1555799690 
9.28330 0.00010 0.1380366778 0.1547895020 
9.28556 0.00010 0.1372616619 0.1540030772 
9.28780 0.00010 0.1364906898 0.1532207558 
9.29003 0.00010 0.1357268388 0.1524456603 
9.29225 0.00010 0.1349704375 0.1516781241 
9.29446 0.00010 0.1342178874 0.1509144959 
9.29666 0.00010 0.1334691751 0.1501547619 
9.29885 0.00010 0.1327241784 0.1493987983 
9.30103 0.00010 0.1319987524 0.1486626934 
9.30319 0.00010 0.1312779743 0.1479313048 
9.30535 0.00010 0.1305608152 0.1472035886 
9.30749 0.00010 0.1298471499 0.1464794176 
9.30963 0.00010 0.1291369977 0.1457588114 
9.31175 0.00010 0.1284303053 0.1450417159 
9.31386 0.00010 0.1277270550 0.1443281132 
9.31597 0.00010 0.1270272659 0.1436180226 
9.31806 0.00010 0.1263308098 0.1429113141 
9.32014 0.00010 0.1256376682 0.1422079689 
9.32222 0.00010 0.1249478591 0.1415080053 
9.32428 0.00010 0.1242613266 0.1408113665 
9.32633 0.00010 0.1235742455 0.1401141709 
9.32838 0.00010 0.1228890944 0.1394189339 
9.33041 0.00010 0.1222071448 0.1387269455 
9.33243 0.00010 0.1215283768 0.1380381854 
9.33445 0.00010 0.1208527700 0.1373526331 
9.33645 0.00010 0.1201802665 0.1366702298 
9.33845 0.00010 0.1195118154 0.1359919385 
9.34044 0.00010 0.1188505009 0.1353208890 
9.34242 0.00010 0.1181905205 0.1346511931 
9.34439 0.00010 0.1175419255 0.1339930503 
9.34635 0.00010 0.1168985766 0.1333402308 
9.34830 0.00010 0.1162581308 0.1326903571 
9.35025 0.00010 0.1156205274 0.1320433676 
9.35218 0.00010 0.1149857805 0.1313992767 
9.35411 0.00010 0.1143538664 0.1307580604 
9.35603 0.00010 0.1137247235 0.1301196560 
9.35793 0.00010 0.1130983276 0.1294840391 
9.35983 0.00010 0.1124746921 0.1288512231 
9.36173 0.00010 0.1112893617 0.1282211447 
9.36361 0.00010 0.1106714868 0.1275938558 
9.36549 0.00010 0.1094924919 0.1269692537 
9.36735 0.00010 0.1088802340 0.1263473515 
9.36921 0.00010 0.1077073867 0.1257280457 
9.37107 0.00010 0.1071006382 0.1251114264 
9.37291 0.00010 0.1059465538 0.1245102549 
9.37475 0.00010 0.1053828124 0.1239370508 
9.37657 0.00010 0.1042594662 0.1233662457 
9.37840 0.00010 0.1037007765 0.1227978892 
9.38021 0.00010 0.1025829923 0.1222318745 
9.38201 0.00010 0.1020291987 0.1216682119 
9.38381 0.00010 0.1009168536 0.1211068723 
9.38560 0.00010 0.1003679141 0.1205478656 
9.38739 0.00010 0.0992609610 0.1199911626 
9.38916 0.00010 0.0987167555 0.1194366943 
9.39093 0.00010 0.1036911743 0.1188025646 
9.39269 0.00010 0.0969045395 0.1181602113 
9.39445 0.00010 0.1024263492 0.1175204219 
9.39620 0.00010 0.1017977820 0.1168832486 
9.39794 0.00010 0.1011716911 0.1162485855 
9.39967 0.00010 0.1005481279 0.1156164847 
9.40140 0.00010 0.0999269872 0.1149868394 
9.40312 0.00010 0.0993083200 0.1143597017 
9.40483 0.00010 0.0986921385 0.1137350836 
9.40654 0.00010 0.0980783759 0.1131129176 
9.40824 0.00010 0.0974669650 0.1124931355 
9.40993 0.00010 0.0968579962 0.1118758288 
9.41162 0.00010 0.0962513626 0.1112608893 
9.41330 0.00010 0.0956470752 0.1106483282 
9.41497 0.00010 0.0950435596 0.1100365495 
9.41664 0.00010 0.0944439563 0.1094287366 
9.41830 0.00010 0.0938466134 0.1088232151 
9.41996 0.00010 0.0932519793 0.1082204395 
9.42160 0.00010 0.0926595883 0.1076199376 
9.42325 0.00010 0.0920694108 0.1070216796 
9.42488 0.00010 0.0914814971 0.1064257163 
9.42651 0.00010 0.0908957375 0.1058319368 
9.42813 0.00010 0.0903122623 0.1052404728 
9.42975 0.00010 0.0897308812 0.1046511316 
9.43136 0.00010 0.0891516842 0.1040640044 
9.43297 0.00010 0.0891284282 0.1034808555 
9.43457 0.00010 0.0885569284 0.1029018246 
9.43616 0.00010 0.0879874918 0.1023248840 
9.43775 0.00010 0.0874202083 0.1017501249 
9.43933 0.00010 0.0868794958 0.1012022869 
9.44091 0.00010 0.0863416668 0.1006573704 
9.44248 0.00010 0.0858058403 0.1001144829 
9.44404 0.00010 0.0852718621 0.0995734680 
9.44560 0.00010 0.0847398622 0.0990344574 
9.44716 0.00010 0.0842097263 0.0984973355 
9.44870 0.00010 0.0836815439 0.0979621928 
9.45025 0.00010 0.0831552006 0.0974289133 
9.45178 0.00010 0.0826307446 0.0968975461 
9.45332 0.00010 0.0821080611 0.0963679748 
9.45484 0.00010 0.0815873212 0.0958403726 
9.45636 0.00010 0.0810683276 0.0953145397 
9.45788 0.00010 0.0805511696 0.0947905667 
9.45939 0.00010 0.0800358135 0.0942684192 
9.46090 0.00010 0.0795222665 0.0937481048 
9.46240 0.00010 0.0790104122 0.0932295053 
9.46389 0.00010 0.0785004225 0.0927127950 
9.46538 0.00010 0.0779920982 0.0921977721 
9.46686 0.00010 0.0774664136 0.0916651600 
9.46834 0.00010 0.0774857151 0.0911316842 
9.46982 0.00010 0.0769607530 0.0906000736 
9.47129 0.00010 0.0764375989 0.0900702939 
9.47275 0.00010 0.0759161354 0.0895422263 
9.47421 0.00010 0.0753965361 0.0890160465 
9.47567 0.00010 0.0748785583 0.0884915087 
9.47712 0.00010 0.0743610814 0.0879674781 
9.47857 0.00010 0.0738445260 0.0874443807 
9.48001 0.00010 0.0733536294 0.0869472671 
9.48144 0.00010 0.0728643489 0.0864517899 
9.48287 0.00010 0.0729199412 0.0859579557 
9.48430 0.00010 0.0724336651 0.0854657704 
9.48572 0.00010 0.0719488983 0.0849751128 
9.48714 0.00010 0.0714657728 0.0844861164 
9.48855 0.00010 0.0709842105 0.0839987021 
9.48996 0.00010 0.0705042172 0.0835128760 
9.49136 0.00010 0.0700384312 0.0830414299 
9.49276 0.00010 0.0695837697 0.0825812434 
9.49415 0.00010 0.0691305311 0.0821224971 
9.49554 0.00010 0.0686787629 0.0816652390 
9.49693 0.00010 0.0682284277 0.0812094314 
9.49831 0.00010 0.0677794882 0.0807550364 
9.49969 0.00010 0.0673320341 0.0803021448 
9.50106 0.00010 0.0668859429 0.0798506329 
9.50243 0.00010 0.0664413047 0.0794005915 
9.50379 0.00010 0.0659980392 0.0789519394 
9.50515 0.00010 0.0655561509 0.0785046814 
9.50650 0.00010 0.0651156448 0.0780588223 
9.50785 0.00010 0.0646765255 0.0776143668 
9.50920 0.00010 0.0642387549 0.0771712765 
9.51054 0.00010 0.0638023376 0.0767295559 
9.51188 0.00010 0.0639056920 0.0762892096 
9.51322 0.00010 0.0634717325 0.0758501990 
9.51455 0.00010 0.0630390977 0.0754125285 
9.51587 0.00010 0.0626077919 0.0749762025 
9.51719 0.00010 0.0621728626 0.0745362107 
9.51851 0.00010 0.0617294233 0.0740876099 
9.51983 0.00010 0.0612872532 0.0736402931 
9.52114 0.00010 0.0608464432 0.0731943522 
9.52244 0.00010 0.0604069548 0.0727497483 
9.52374 0.00010 0.0599687491 0.0723064421 
9.52504 0.00010 0.0595319606 0.0718645695 
9.52634 0.00010 0.0590963770 0.0714239158 
9.52763 0.00010 0.0586621329 0.0709846172 
9.52891 0.00010 0.0582384118 0.0705559642 
9.53020 0.00010 0.0578234165 0.0701361384 
9.53148 0.00010 0.0574085863 0.0697164797 
9.53275 0.00010 0.0569959725 0.0692990633 
9.53403 0.00010 0.0565846212 0.0688829240 
9.53529 0.00010 0.0567089503 0.0684679776 
9.53656 0.00010 0.0562997541 0.0680542278 
9.53782 0.00010 0.0558917888 0.0676417227 
9.53908 0.00010 0.0554850146 0.0672304220 
9.54033 0.00010 0.0550793914 0.0668202850 
9.54158 0.00010 0.0546749227 0.0664113153 
9.54282 0.00010 0.0542716561 0.0660035612 
9.54407 0.00010 0.0538694633 0.0655968929 
9.54531 0.00010 0.0534684800 0.0651914474 
9.54654 0.00010 0.0530686216 0.0647871394 
9.54777 0.00010 0.0526698915 0.0643839723 
9.54900 0.00010 0.0522791867 0.0639889197 
9.55023 0.00010 0.0518938315 0.0635992763 
9.55145 0.00010 0.0515096353 0.0632108048 
9.55267 0.00010 0.0511265130 0.0628234191 
9.55388 0.00010 0.0507444234 0.0624370775 
9.55509 0.00010 0.0503634138 0.0620518281 
9.55630 0.00010 0.0499834876 0.0616676741 
9.55751 0.00010 0.0496046033 0.0612845736 
9.55871 0.00010 0.0492267641 0.0609025299 
9.55990 0.00010 0.0488499731 0.0605215459 
9.56110 0.00010 0.0484741887 0.0601415797 
9.56229 0.00010 0.0480994583 0.0597626794 
9.56348 0.00010 0.0477257406 0.0593848029 
9.56466 0.00010 0.0473530829 0.0590079984 
9.56585 0.00010 0.0469813991 0.0586321784 
9.56702 0.00010 0.0466107365 0.0582573912 
9.56820 0.00010 0.0462410534 0.0578835942 
9.56937 0.00010 0.0458724422 0.0575108811 
9.57054 0.00010 0.0455047264 0.0571390734 
9.57171 0.00010 0.0451367405 0.0567669926 
9.57287 0.00010 0.0447634477 0.0563895458 
9.57403 0.00010 0.0443911354 0.0560130904 
9.57519 0.00010 0.0440198063 0.0556376292 
9.57634 0.00010 0.0436494184 0.0552631195 
9.57749 0.00010 0.0432801095 0.0548897010 
9.57864 0.00010 0.0429117022 0.0545171941 
9.57978 0.00010 0.0425432951 0.0541446874 
9.58092 0.00010 0.0421768789 0.0537741937 
9.58206 0.00010 0.0418123684 0.0534056270 
9.58320 0.00010 0.0414547082 0.0530439867 
9.58433 0.00010 0.0416246702 0.0526833750 
9.58546 0.00010 0.0412687310 0.0523236569 
9.58659 0.00010 0.0409137693 0.0519649267 
9.58771 0.00010 0.0405596970 0.0516070952 
9.58883 0.00010 0.0402065163 0.0512501648 
9.58995 0.00010 0.0398542753 0.0508941842 
9.59106 0.00010 0.0395029310 0.0505391097 
9.59218 0.00010 0.0391524857 0.0501849439 
9.59329 0.00010 0.0388029420 0.0498316891 
9.59439 0.00010 0.0384542566 0.0494793017 
9.59550 0.00010 0.0381064774 0.0491278303 
9.59660 0.00010 0.0377596070 0.0487772772 
9.59769 0.00010 0.0374135561 0.0484275524 
9.59879 0.00010 0.0370684187 0.0480787508 
9.59988 0.00010 0.0367241513 0.0477308283 
9.60097 0.00010 0.0363807562 0.0473837874 
9.60206 0.00010 0.0360381897 0.0470375840 
9.60314 0.00010 0.0356964541 0.0466922203 
9.60422 0.00010 0.0353556436 0.0463477915 
9.60530 0.00010 0.0350156224 0.0460041604 
9.60638 0.00010 0.0346764849 0.0456614223 
9.60745 0.00010 0.0343381410 0.0453194863 
9.60852 0.00010 0.0340006852 0.0449784478 
9.60959 0.00010 0.0336639811 0.0446381690 
9.61066 0.00010 0.0333302975 0.0443009428 
9.61172 0.00010 0.0330008916 0.0439680396 
9.61278 0.00010 0.0326722987 0.0436359580 
9.61384 0.00010 0.0323444742 0.0433046532 
9.61490 0.00010 0.0320174204 0.0429741271 
9.61595 0.00010 0.0316912320 0.0426444756 
9.61700 0.00010 0.0313658182 0.0423156070 
9.61805 0.00010 0.0310411344 0.0419874761 
9.61909 0.00010 0.0307172291 0.0416601319 
9.62013 0.00010 0.0303941507 0.0413336235 
9.62117 0.00010 0.0300718547 0.0410079057 
9.62221 0.00010 0.0297503431 0.0406829807 
9.62325 0.00010 0.0294286840 0.0403579067 
9.62428 0.00010 0.0291086995 0.0400345249 
9.62531 0.00010 0.0287894582 0.0397118943 
9.62634 0.00010 0.0284709154 0.0393899696 
9.62737 0.00010 0.0281531663 0.0390688471 
9.62839 0.00010 0.0278361661 0.0387484813 
9.62941 0.00010 0.0275179472 0.0384268839 
9.63043 0.00010 0.0271965831 0.0381021079 
9.63144 0.00010 0.0268760585 0.0377781805 
9.63246 0.00010 0.0270751746 0.0374549136 
9.63347 0.00010 0.0267559388 0.0371324516 
9.63448 0.00010 0.0264374076 0.0368107013 
9.63548 0.00010 0.0261196770 0.0364897596 
9.63649 0.00010 0.0258026073 0.0361694856 
9.63749 0.00010 0.0254862948 0.0358499764 
9.63849 0.00010 0.0251727719 0.0355332850 
9.63949 0.00010 0.0248642190 0.0352216138 
9.64048 0.00010 0.0245563904 0.0349106743 
9.64147 0.00010 0.0242492405 0.0346004203 
9.64246 0.00010 0.0239428183 0.0342909013 
9.64345 0.00010 0.0236371255 0.0339821191 
9.64444 0.00010 0.0233320689 0.0336739796 
9.64542 0.00010 0.0230276975 0.0333665322 
9.64640 0.00010 0.0227240604 0.0330598266 
9.64738 0.00010 0.0224210643 0.0327537684 
9.64836 0.00010 0.0221188058 0.0324484552 
9.64933 0.00010 0.0218171915 0.0321437927 
9.65031 0.00010 0.0215162227 0.0318397823 
9.65128 0.00010 0.0212159488 0.0315364738 
9.65224 0.00010 0.0209163712 0.0312338686 
9.65321 0.00010 0.0206174439 0.0309319203 
9.65417 0.00010 0.0203191684 0.0306306304 
9.65514 0.00010 0.0200215939 0.0303300486 
9.65610 0.00010 0.0197246264 0.0300300800 
9.65705 0.00010 0.0194283152 0.0297307742 
9.65801 0.00010 0.0191327097 0.0294321812 
9.65896 0.00010 0.0188376677 0.0291341575 
9.65991 0.00010 0.0185433343 0.0288368495 
9.66086 0.00010 0.0182496151 0.0285401620 
9.66181 0.00010 0.0179565597 0.0282441450 
9.66276 0.00010 0.0176633525 0.0279479745 
9.66370 0.00010 0.0173716284 0.0276533022 
9.66464 0.00010 0.0170804762 0.0273592076 
9.66558 0.00010 0.0167898972 0.0270656920 
9.66652 0.00010 0.0164999891 0.0267728541 
9.66745 0.00010 0.0162107534 0.0264806953 
9.66839 0.00010 0.0159220951 0.0261891198 
9.66932 0.00010 0.0156340637 0.0258981776 
9.67025 0.00010 0.0153466124 0.0256078212 
9.67117 0.00010 0.0150598390 0.0253181497 
9.67210 0.00010 0.0147736485 0.0250290668 
9.67302 0.00010 0.0144879934 0.0247405250 
9.67394 0.00010 0.0142030206 0.0244526722 
9.67486 0.00010 0.0139186345 0.0241654120 
9.67578 0.00010 0.0136349333 0.0238788437 
9.67669 0.00010 0.0133558506 0.0235969405 
9.67761 0.00010 0.0130815898 0.0233199081 
9.67852 0.00010 0.0128079317 0.0230434843 
9.67943 0.00010 0.0125348775 0.0227676706 
9.68033 0.00010 0.0127738330 0.0224923698 
9.68124 0.00010 0.0125017067 0.0222176322 
9.68214 0.00010 0.0122302370 0.0219435574 
9.68305 0.00010 0.0119592300 0.0216699499 
9.68395 0.00010 0.0116888333 0.0213969584 
9.68484 0.00010 0.0114189502 0.0211244856 
9.68574 0.00010 0.0111496798 0.0208526313 
9.68663 0.00010 0.0108809255 0.0205812980 
9.68753 0.00010 0.0106127860 0.0203105855 
9.68842 0.00010 0.0103451159 0.0200403468 
9.68931 0.00010 0.0100780631 0.0197707314 
9.69019 0.00010 0.0098088343 0.0194989191 
9.69108 0.00010 0.0095382104 0.0192256983 
9.69196 0.00010 0.0092680543 0.0189529498 
9.69285 0.00010 0.0089984652 0.0186807737 
9.69373 0.00010 0.0087294935 0.0184092210 
9.69460 0.00010 0.0084609929 0.0181381438 
9.69548 0.00010 0.0081930628 0.0178676426 
9.69635 0.00010 0.0079256550 0.0175976689 
9.69723 0.00010 0.0076588201 0.0173282735 
9.69810 0.00010 0.0073954188 0.0170623446 
9.69897 0.00010 0.0071347175 0.0167991416 
9.69984 0.00010 0.0068752896 0.0165372242 
9.70070 0.00010 0.0066162980 0.0162757473 
9.70157 0.00010 0.0063578422 0.0160148114 
9.70243 0.00010 0.0060999234 0.0157544176 
9.70329 0.00010 0.0058425426 0.0154945670 
9.70415 0.00010 0.0055856019 0.0152351607 
9.70501 0.00010 0.0053292011 0.0149762995 
9.70586 0.00010 0.0050732919 0.0147179346 
9.70672 0.00010 0.0048179248 0.0144601170 
9.70757 0.00010 0.0045630016 0.0142027475 
9.70842 0.00010 0.0043086224 0.0139459273 
9.70927 0.00010 0.0040547386 0.0136896073 
9.71012 0.00010 0.0038013512 0.0134337884 
9.71096 0.00010 0.0035484115 0.0131784215 
9.71181 0.00010 0.0032960198 0.0129236079 
9.71265 0.00010 0.0030440777 0.0126692481 
9.71349 0.00010 0.0027926855 0.0124154436 
9.71433 0.00010 0.0025416949 0.0121620444 
9.71517 0.00010 0.0022912063 0.0119091522 
9.71600 0.00010 0.0020412207 0.0116567678 
9.71684 0.00010 0.0017917392 0.0114048923 
9.71767 0.00010 0.0015427127 0.0111534761 
9.71850 0.00010 0.0012941920 0.0109025706 
9.71933 0.00010 0.0010461281 0.0106521263 
9.72016 0.00010 0.0007984718 0.0104020935 
9.72098 0.00010 0.0005513742 0.0101526247 
9.72181 0.00010 0.0003047360 0.0099036198 
9.72263 0.00010 0.0000585080 0.0096550290 
9.72345 0.00010 -0.0001872087 0.0094069545 
9.72427 0.00010 -0.0004325134 0.0091592958 
9.72509 0.00010 -0.0006772548 0.0089122059 
9.72591 0.00010 -0.0009216329 0.0086654827 
9.72673 0.00010 -0.0011654961 0.0084192795 
9.72754 0.00010 -0.0014089439 0.0081734955 
9.72835 0.00010 -0.0016519255 0.0079281823 
9.72916 0.00010 -0.0018943894 0.0076833917 
9.72997 0.00010 -0.0021364859 0.0074389720 
9.73078 0.00010 -0.0023781136 0.0071950257 
9.73159 0.00010 -0.0026192714 0.0069515537 
9.73239 0.00010 -0.0028605646 0.0067079452 
9.73320 0.00010 -0.0031008816 0.0064653220 
9.73400 0.00010 -0.0033407264 0.0062231757 
9.73480 0.00010 -0.0035800475 0.0059815581 
9.73560 0.00010 -0.0038189957 0.0057403169 
9.73640 0.00010 -0.0040575197 0.0054995041 
9.73719 0.00010 -0.0042956189 0.0052591202 
9.73799 0.00010 -0.0045332415 0.0050192173 
9.73878 0.00010 -0.0047704376 0.0047797451 
9.73957 0.00010 -0.0050072064 0.0045407043 
9.74036 0.00010 -0.0052435470 0.0043020958 
9.74115 0.00010 -0.0054794587 0.0040639202 
9.74194 0.00010 -0.0052127766 0.0038261785 
9.74272 0.00010 -0.0054479469 0.0035888714 
9.74351 0.00010 -0.0056826857 0.0033519996 
9.74429 0.00010 -0.0059169923 0.0031155640 
9.74507 0.00010 -0.0061509169 0.0028795140 
9.74585 0.00010 -0.0063844077 0.0026439015 
9.74663 0.00010 -0.0066174641 0.0024087276 
9.74741 0.00010 -0.0068501362 0.0021739413 
9.74819 0.00010 -0.0070833428 0.0019386157 
9.74896 0.00010 -0.0073163692 0.0017034720 
9.74974 0.00010 -0.0075490105 0.0014687168 
9.75051 0.00010 -0.0077812148 0.0012344026 
9.75128 0.00010 -0.0080130327 0.0010004784 
9.75205 0.00010 -0.0082444121 0.0007669966 
9.75282 0.00010 -0.0084754035 0.0005339063 
9.75358 0.00010 -0.0087059550 0.0003012599 
9.75435 0.00010 -0.0089361171 0.0000690065 
9.75511 0.00010 -0.0091658891 -0.0001628533 
9.75587 0.00010 -0.0093947568 -0.0003938005 
9.75663 0.00010 -0.0096231811 -0.0006243003 
9.75739 0.00010 -0.0098512640 -0.0008544557 
9.75815 0.00010 -0.0100789021 -0.0010841622 
9.75891 0.00010 -0.0103061460 -0.0013134709 
9.75967 0.00010 -0.0105329951 -0.0015423813 
9.76042 0.00010 -0.0107594487 -0.0017708924 
9.76117 0.00010 -0.0109855319 -0.0019990299 
9.76193 0.00010 -0.0112111923 -0.0022267408 
9.76268 0.00010 -0.0114367390 -0.0024543368 
9.76343 0.00010 -0.0116624814 -0.0026821304 
9.76418 0.00010 -0.0118872834 -0.0029089750 
9.76492 0.00010 -0.0121116861 -0.0031354167 
9.76567 0.00010 -0.0123356888 -0.0033614548 
9.76641 0.00010 -0.0125593427 -0.0035871408 
9.76716 0.00010 -0.0127825952 -0.0038124219 
9.76790 0.00010 -0.0130054716 -0.0040373234 
9.76864 0.00010 -0.0132279454 -0.0042618187 
9.76938 0.00010 -0.0134500676 -0.0044859592 
9.77011 0.00010 -0.0136718119 -0.0047097183 
9.77085 0.00010 -0.0138931775 -0.0049330953 
9.77159 0.00010 -0.0141141378 -0.0051560634 
9.77232 0.00010 -0.0143347702 -0.0053787004 
9.77305 0.00010 -0.0145549959 -0.0056009272 
9.77379 0.00010 -0.0147748664 -0.0058227955 
9.77452 0.00010 -0.0149943550 -0.0060442785 
9.77525 0.00010 -0.0152134872 -0.0062654018 
9.77597 0.00010 -0.0154322363 -0.0064861385 
9.77670 0.00010 -0.0156506537 -0.0067065405 
9.77743 0.00010 -0.0158686608 -0.0069265285 
9.77815 0.00010 -0.0160863350 -0.0071461805 
9.77887 0.00010 -0.0163036496 -0.0073654698 
9.77960 0.00010 -0.0165205781 -0.0075843693 
9.78032 0.00010 -0.0167371719 -0.0078029312 
9.78104 0.00010 -0.0169534045 -0.0080211285 
9.78175 0.00010 -0.0171692751 -0.0082389606 
9.78247 0.00010 -0.0173847571 -0.0084564006 
9.78319 0.00010 -0.0175999284 -0.0086735269 
9.78390 0.00010 -0.0178147359 -0.0088902862 
9.78462 0.00010 -0.0180291791 -0.0091066780 
9.78533 0.00010 -0.0182432838 -0.0093227280 
9.78604 0.00010 -0.0184570229 -0.0095384093 
9.78675 0.00010 -0.0186703960 -0.0097537212 
9.78746 0.00010 -0.0188834550 -0.0099687161 
9.78817 0.00010 -0.0190961468 -0.0101833405 
9.78887 0.00010 -0.0193085234 -0.0103976468 
9.78958 0.00010 -0.0195205054 -0.0106115549 
9.79028 0.00010 -0.0197321973 -0.0108251703 
9.79099 0.00010 -0.0199435197 -0.0110384129 
9.79169 0.00010 -0.0201544984 -0.0112513086 
9.79239 0.00010 -0.0203656860 -0.0114644151 
9.79309 0.00010 -0.0205759759 -0.0116766157 
9.79379 0.00010 -0.0207859467 -0.0118884944 
9.79449 0.00010 -0.0209955452 -0.0120999974 
9.79518 0.00010 -0.0212048236 -0.0123111774 
9.79588 0.00010 -0.0214138078 -0.0125220604 
9.79657 0.00010 -0.0216224180 -0.0127325661 
9.79727 0.00010 -0.0218307064 -0.0129427472 
9.79796 0.00010 -0.0220386463 -0.0131525764 
9.79865 0.00010 -0.0222462898 -0.0133621067 
9.79934 0.00010 -0.0224535836 -0.0135712840 
9.80003 0.00010 -0.0226605537 -0.0137801347 
9.80072 0.00010 -0.0228671729 -0.0139886313 
9.80140 0.00010 -0.0230734938 -0.0141968269 
9.80209 0.00010 -0.0232794629 -0.0144046675 
9.80277 0.00010 -0.0234851326 -0.0146122059 
9.80346 0.00010 -0.0236904493 -0.0148193883 
9.80414 0.00010 -0.0238954924 -0.0150262944 
9.80482 0.00010 -0.0241001549 -0.0152328166 
9.80550 0.00010 -0.0243045426 -0.0154390614 
9.80618 0.00010 -0.0245086020 -0.0156449749 
9.80686 0.00010 -0.0247123324 -0.0158505565 
9.80753 0.00010 -0.0249157600 -0.0160558326 
9.80821 0.00010 -0.0251188578 -0.0162607757 
9.80888 0.00010 -0.0253216517 -0.0164654123 
9.80956 0.00010 -0.0255241148 -0.0166697150 
9.81023 0.00010 -0.0257262464 -0.0168736833 
9.81090 0.00010 -0.0259280995 -0.0170773705 
9.81157 0.00010 -0.0261296201 -0.0172807222 
9.81224 0.00010 -0.0263308613 -0.0174837919 
9.81291 0.00010 -0.0265317692 -0.0176865253 
9.81358 0.00010 -0.0267323431 -0.0178889217 
9.81425 0.00010 -0.0269326629 -0.0180910616 
9.81491 0.00010 -0.0271326479 -0.0182928638 
9.81558 0.00010 -0.0273323243 -0.0184943545 
9.81624 0.00010 -0.0275316916 -0.0186955334 
9.81690 0.00010 -0.0277308031 -0.0188964540 
9.81756 0.00010 -0.0279295510 -0.0190970078 
9.81822 0.00010 -0.0281280153 -0.0192972754 
9.81888 0.00010 -0.0283261686 -0.0194972292 
9.81954 0.00010 -0.0285245474 -0.0196974106 
9.82020 0.00010 -0.0287221316 -0.0198967900 
9.82086 0.00010 -0.0289193765 -0.0200958272 
9.82151 0.00010 -0.0291163625 -0.0202946030 
9.82217 0.00010 -0.0293129008 -0.0204929272 
9.82282 0.00010 -0.0295075111 -0.0206893057 
9.82347 0.00010 -0.0297018056 -0.0208853657 
9.82413 0.00010 -0.0298958378 -0.0210811610 
9.82478 0.00010 -0.0300896343 -0.0212767183 
9.82543 0.00010 -0.0302841649 -0.0214730165 
9.82607 0.00010 -0.0304784060 -0.0216690225 
9.82672 0.00010 -0.0306723571 -0.0218647359 
9.82737 0.00010 -0.0308660178 -0.0220601563 
9.82801 0.00010 -0.0310593877 -0.0222552832 
9.82866 0.00010 -0.0312524662 -0.0224501161 
9.82930 0.00010 -0.0314452802 -0.0226446820 
9.82995 0.00010 -0.0316378020 -0.0228389531 
9.83059 0.00010 -0.0318300312 -0.0230329290 
9.83123 0.00010 -0.0320203978 -0.0232250254 
9.83187 0.00010 -0.0322103343 -0.0234166877 
9.83251 0.00010 -0.0319115624 -0.0236080793 
9.83315 0.00010 -0.0321010034 -0.0237991452 
9.83378 0.00010 -0.0322902022 -0.0239899668 
9.83442 0.00010 -0.0324791315 -0.0241805166 
9.83506 0.00010 -0.0326677637 -0.0243707667 
9.83569 0.00010 -0.0328561254 -0.0245607441 
9.83632 0.00010 -0.0330442164 -0.0247504483 
9.83696 0.00010 -0.0332320361 -0.0249398790 
9.83759 0.00010 -0.0334195572 -0.0251290085 
9.83822 0.00010 -0.0336068334 -0.0253178910 
9.83885 0.00010 -0.0337938373 -0.0255064989 
9.83948 0.00010 -0.0339805412 -0.0256948041 
9.84010 0.00010 -0.0341669992 -0.0258828614 
9.84073 0.00010 -0.0343531837 -0.0260706429 
9.84136 0.00010 -0.0345390942 -0.0262581480 
9.84198 0.00010 -0.0347247577 -0.0264454040 
9.84261 0.00010 -0.0349101193 -0.0266323554 
9.84323 0.00010 -0.0350952331 -0.0268190570 
9.84385 0.00010 -0.0352800987 -0.0270055083 
9.84448 0.00010 -0.0354646886 -0.0271916814 
9.84510 0.00010 -0.0356494943 -0.0273780722 
9.84572 0.00010 -0.0358335588 -0.0275637155 
9.84634 0.00010 -0.0360173465 -0.0277490795 
9.84696 0.00010 -0.0362008842 -0.0279341914 
9.84757 0.00010 -0.0363841441 -0.0281190233 
9.84819 0.00010 -0.0365671807 -0.0283036298 
9.84880 0.00010 -0.0367499390 -0.0284879556 
9.84942 0.00010 -0.0369324183 -0.0286720001 
9.85003 0.00010 -0.0371146459 -0.0288557907 
9.85065 0.00010 -0.0372966488 -0.0290393547 
9.85126 0.00010 -0.0374783718 -0.0292226364 
9.85187 0.00010 -0.0376598420 -0.0294056630 
9.85248 0.00010 -0.0378410589 -0.0295884343 
9.85309 0.00010 -0.0380220223 -0.0297709498 
9.85370 0.00010 -0.0382027043 -0.0299531816 
9.85431 0.00010 -0.0383831595 -0.0301351846 
9.85491 0.00010 -0.0385633602 -0.0303169309 
9.85552 0.00010 -0.0387433334 -0.0304984478 
9.85612 0.00010 -0.0389229962 -0.0306796516 
9.85673 0.00010 -0.0391024861 -0.0308606809 
9.85733 0.00010 -0.0392816648 -0.0310413965 
9.85793 0.00010 -0.0394606148 -0.0312218814 
9.85854 0.00010 -0.0396393081 -0.0314021074 
9.85914 0.00010 -0.0398177719 -0.0315821019 
9.85974 0.00010 -0.0399959784 -0.0317618369 
9.86034 0.00010 -0.0401739271 -0.0319413120 
9.86094 0.00010 -0.0403516455 -0.0321205546 
9.86153 0.00010 -0.0405291330 -0.0322995646 
9.86213 0.00010 -0.0407063619 -0.0324783136 
9.86273 0.00010 -0.0408833317 -0.0326568013 
9.86332 0.00010 -0.0410600975 -0.0328350832 
9.86392 0.00010 -0.0412365758 -0.0330130752 
9.86451 0.00010 -0.0414128495 -0.0331908608 
9.86510 0.00010 -0.0415888627 -0.0333683837 
9.86569 0.00010 -0.0417646430 -0.0335456717 
9.86629 0.00010 -0.0419401899 -0.0337227243 
9.86688 0.00010 -0.0421155031 -0.0338995412 
9.86747 0.00010 -0.0422905547 -0.0340760942 
9.86805 0.00010 -0.0424653719 -0.0342524109 
9.86864 0.00010 -0.0426399545 -0.0344284910 
9.86923 0.00010 -0.0428147469 -0.0346047826 
9.86982 0.00010 -0.0429888874 -0.0347804167 
9.87040 0.00010 -0.0431627644 -0.0349557851 
9.87099 0.00010 -0.0433364056 -0.0351309157 
9.87157 0.00010 -0.0435098385 -0.0353058361 
9.87216 0.00010 -0.0436830070 -0.0354804899 
9.87274 0.00010 -0.0438559666 -0.0356549331 
9.87332 0.00010 -0.0440286612 -0.0358291089 
9.87390 0.00010 -0.0442011742 -0.0360031015 
9.87448 0.00010 -0.0443734215 -0.0361768263 
9.87506 0.00010 -0.0445454308 -0.0363503109 
9.87564 0.00010 -0.0447172297 -0.0365235833 
9.87622 0.00010 -0.0448888178 -0.0366966432 
9.87679 0.00010 -0.0450601670 -0.0368694621 
9.87737 0.00010 -0.0452312490 -0.0370420115 
9.87795 0.00010 -0.0454021474 -0.0372143757 
9.87852 0.00010 -0.0455728059 -0.0373864979 
9.87910 0.00010 -0.0457432522 -0.0375584062 
9.87967 0.00010 -0.0459134580 -0.0377300719 
9.88024 0.00010 -0.0460834231 -0.0379014949 
9.88081 0.00010 -0.0462531752 -0.0380727029 
9.88138 0.00010 -0.0464227139 -0.0382436958 
9.88195 0.00010 -0.0465920389 -0.0384144732 
9.88252 0.00010 -0.0467611502 -0.0385850349 
9.88309 0.00010 -0.0469300191 -0.0387553522 
9.88366 0.00010 -0.0470986736 -0.0389254533 
9.88423 0.00010 -0.0472670852 -0.0390953095 
9.88479 0.00010 -0.0474353099 -0.0392649770 
9.88536 0.00010 -0.0476032912 -0.0394343991 
9.88593 0.00010 -0.0477710849 -0.0396036321 
9.88649 0.00010 -0.0479386348 -0.0397726190 
9.88705 0.00010 -0.0481059684 -0.0399413879 
9.88762 0.00010 -0.0482730856 -0.0401099385 
9.88818 0.00010 -0.0484400142 -0.0402782989 
9.88874 0.00010 -0.0486066695 -0.0404463836 
9.88930 0.00010 -0.0487731639 -0.0406143061 
9.88986 0.00010 -0.0489394126 -0.0407819807 
9.89042 0.00010 -0.0491054716 -0.0409494641 
9.89098 0.00010 -0.0492712844 -0.0411166990 
9.89154 0.00010 -0.0494369069 -0.0412837422 
9.89209 0.00010 -0.0496027345 -0.0414509920 
9.89265 0.00010 -0.0497679197 -0.0416175941 
9.89321 0.00010 -0.0494535380 -0.0417839751 
9.89376 0.00010 -0.0496184243 -0.0419501917 
9.89432 0.00010 -0.0497830624 -0.0421161583 
9.89487 0.00010 -0.0499475088 -0.0422819315 
9.89542 0.00010 -0.0501117065 -0.0424474540 
9.89597 0.00010 -0.0502757402 -0.0426128112 
9.89653 0.00010 -0.0504395529 -0.0427779457 
9.89708 0.00010 -0.0506031446 -0.0429428573 
9.89763 0.00010 -0.0507665148 -0.0431075456 
9.89818 0.00010 -0.0509311668 -0.0432735262 
9.89872 0.00010 -0.0510963359 -0.0434400279 
9.89927 0.00010 -0.0512612844 -0.0436063073 
9.89982 0.00010 -0.0514260404 -0.0437723927 
9.90037 0.00010 -0.0515905470 -0.0439382266 
9.90091 0.00010 -0.0517548606 -0.0441038660 
9.90146 0.00010 -0.0519189809 -0.0442693106 
9.90200 0.00010 -0.0520814287 -0.0444330690 
9.90255 0.00010 -0.0522436531 -0.0445966024 
9.90309 0.00010 -0.0524046578 -0.0447589061 
9.90363 0.00010 -0.0525642987 -0.0449198351 
9.90417 0.00010 -0.0527237709 -0.0450805940 
9.90471 0.00010 -0.0528830457 -0.0452411540 
9.90526 0.00010 -0.0530421228 -0.0454015146 
9.90580 0.00010 -0.0532010020 -0.0455616757 
9.90633 0.00010 -0.0533596545 -0.0457216083 
9.90687 0.00010 -0.0535181371 -0.0458813697 
9.90741 0.00010 -0.0536764211 -0.0460409308 
9.90795 0.00010 -0.0538345063 -0.0462002915 
9.90848 0.00010 -0.0539923923 -0.0463594514 
9.90902 0.00010 -0.0541500789 -0.0465184104 
9.90955 0.00010 -0.0543075946 -0.0466771970 
9.91009 0.00010 -0.0544648819 -0.0468357533 
9.91062 0.00010 -0.0546219977 -0.0469941368 
9.91116 0.00010 -0.0547789417 -0.0471523472 
9.91169 0.00010 -0.0549356567 -0.0473103267 
9.91222 0.00010 -0.0550921995 -0.0474681325 
9.91275 0.00010 -0.0552485414 -0.0476257359 
9.91328 0.00010 -0.0554047107 -0.0477831652 
9.91381 0.00010 -0.0555610512 -0.0479407672 
9.91434 0.00010 -0.0557168462 -0.0480978193 
9.91487 0.00010 -0.0558724105 -0.0482546388 
9.91540 0.00010 -0.0560278302 -0.0484113124 
9.91593 0.00010 -0.0561830187 -0.0485677531 
9.91645 0.00010 -0.0563380333 -0.0487240184 
9.91698 0.00010 -0.0564928451 -0.0488800793 
9.91751 0.00010 -0.0566475112 -0.0490359934 
9.91803 0.00010 -0.0568019741 -0.0491917026 
9.91855 0.00010 -0.0569562047 -0.0493471776 
9.91908 0.00010 -0.0571103179 -0.0495025343 
9.91960 0.00010 -0.0572641984 -0.0496576563 
9.92012 0.00010 -0.0574179033 -0.0498126015 
9.92064 0.00010 -0.0575714327 -0.0499673697 
9.92117 0.00010 -0.0577247863 -0.0501219606 
9.92169 0.00010 -0.0578779638 -0.0502763740 
9.92221 0.00010 -0.0580309074 -0.0504305516 
9.92272 0.00010 -0.0581837323 -0.0505846096 
9.92324 0.00010 -0.0583363227 -0.0507384312 
9.92376 0.00010 -0.0584887362 -0.0508920744 
9.92428 0.00010 -0.0586410015 -0.0510455683 
9.92480 0.00010 -0.0587930606 -0.0511988543 
9.92531 0.00010 -0.0589449711 -0.0513519905 
9.92583 0.00010 -0.0590966749 -0.0515049184 
9.92634 0.00010 -0.0592481719 -0.0516576378 
9.92686 0.00010 -0.0593995486 -0.0518102358 
9.92737 0.00010 -0.0595507180 -0.0519626250 
9.92788 0.00010 -0.0597017089 -0.0521148341 
9.92839 0.00010 -0.0598525210 -0.0522668631 
9.92891 0.00010 -0.0600031541 -0.0524187115 
9.92942 0.00010 -0.0601535791 -0.0525703503 
9.92993 0.00010 -0.0603038826 -0.0527218665 
9.93044 0.00010 -0.0604539776 -0.0528731725 
9.93095 0.00010 -0.0606039217 -0.0530243265 
9.93146 0.00010 -0.0607536569 -0.0531752699 
9.93196 0.00010 -0.0609032409 -0.0533260608 
9.93247 0.00010 -0.0610526445 -0.0534766699 
9.93298 0.00010 -0.0612018384 -0.0536270676 
9.93349 0.00010 -0.0613509097 -0.0537773417 
9.93399 0.00010 -0.0614997709 -0.0539274040 
9.93450 0.00010 -0.0616488871 -0.0540777233 
9.93500 0.00010 -0.0617974731 -0.0542275082 
9.93551 0.00010 -0.0619459357 -0.0543771687 
9.93601 0.00010 -0.0620941875 -0.0545266167 
9.93651 0.00010 -0.0622422573 -0.0546758812 
9.93702 0.00010 -0.0623902033 -0.0548250208 
9.93752 0.00010 -0.0625379377 -0.0549739473 
9.93802 0.00010 -0.0626855187 -0.0551227191 
9.93852 0.00010 -0.0628329171 -0.0552713067 
9.93902 0.00010 -0.0629801616 -0.0554197393 
9.93952 0.00010 -0.0631272522 -0.0555680167 
9.94002 0.00010 -0.0632741303 -0.0557160799 
9.94052 0.00010 -0.0634208832 -0.0558640170 
9.94102 0.00010 -0.0635674525 -0.0560117688 
9.94151 0.00010 -0.0637138379 -0.0561593353 
9.94201 0.00010 -0.0638600683 -0.0563067456 
9.94251 0.00010 -0.0640061145 -0.0564539702 
9.94300 0.00010 -0.0641520054 -0.0566010383 
9.94350 0.00010 -0.0642977409 -0.0567479496 
9.94399 0.00010 -0.0644433208 -0.0568947041 
9.94449 0.00010 -0.0645886864 -0.0570412426 
9.94498 0.00010 -0.0647339253 -0.0571876534 
9.94547 0.00010 -0.0648790080 -0.0573339067 
9.94597 0.00010 -0.0650239051 -0.0574799730 
9.94646 0.00010 -0.0651686164 -0.0576258519 
9.94695 0.00010 -0.0653132297 -0.0577716319 
9.94744 0.00010 -0.0654576274 -0.0579171948 
9.94793 0.00010 -0.0656018681 -0.0580625992 
9.94842 0.00010 -0.0657459515 -0.0582078452 
9.94891 0.00010 -0.0658898776 -0.0583529326 
9.94940 0.00010 -0.0660336167 -0.0584978315 
9.94988 0.00010 -0.0661772568 -0.0586426305 
9.95037 0.00010 -0.0663206802 -0.0587872112 
9.95086 0.00010 -0.0664639750 -0.0589316621 
9.95134 0.00010 -0.0666070820 -0.0590759238 
9.95183 0.00010 -0.0667500305 -0.0592200257 
9.95232 0.00010 -0.0668928205 -0.0593639678 
9.95280 0.00010 -0.0670354516 -0.0595077498 
9.95328 0.00010 -0.0671779237 -0.0596513714 
9.95377 0.00010 -0.0673202662 -0.0597948624 
9.95429 0.00010 -0.0674740643 -0.0599499014 
9.95477 0.00010 -0.0676160623 -0.0600930451 
9.95526 0.00010 -0.0677578711 -0.0602359982 
9.95574 0.00010 -0.0678995496 -0.0603788198 
9.95622 0.00010 -0.0680410976 -0.0605215099 
9.95670 0.00010 -0.0681824263 -0.0606639789 
9.95718 0.00010 -0.0683236537 -0.0608063459 
9.95766 0.00010 -0.0684647207 -0.0609485510 
9.95814 0.00010 -0.0686055974 -0.0610905644 
9.95861 0.00010 -0.0687463427 -0.0612324453 
9.95909 0.00010 -0.0688869270 -0.0613741639 
9.95957 0.00010 -0.0690273501 -0.0615157200 
9.96005 0.00010 -0.0691676413 -0.0616571432 
9.96052 0.00010 -0.0693077415 -0.0617983738 
9.96100 0.00010 -0.0694477392 -0.0619395011 
9.96147 0.00010 -0.0695875453 -0.0620804352 
9.96195 0.00010 -0.0697272190 -0.0622212359 
9.96242 0.00010 -0.0698667306 -0.0623618731 
9.96289 0.00010 -0.0700061094 -0.0625023765 
9.96337 0.00010 -0.0701452960 -0.0626426862 
9.96384 0.00010 -0.0702843495 -0.0627828617 
9.96431 0.00010 -0.0704232402 -0.0629228730 
9.96478 0.00010 -0.0705619975 -0.0630627498 
9.96525 0.00010 -0.0707006213 -0.0632024922 
9.96572 0.00010 -0.0708390817 -0.0633420698 
9.96619 0.00010 -0.0709773787 -0.0634814826 
9.96666 0.00010 -0.0711155118 -0.0636207303 
9.96713 0.00010 -0.0712535407 -0.0637598728 
9.96760 0.00010 -0.0713913757 -0.0638988200 
9.96807 0.00010 -0.0715291061 -0.0640376617 
9.96854 0.00010 -0.0716666424 -0.0641763077 
9.96900 0.00010 -0.0718040737 -0.0643148479 
9.96947 0.00010 -0.0719413404 -0.0644532221 
9.96994 0.00010 -0.0720784422 -0.0645914301 
9.97040 0.00010 -0.0722154387 -0.0647295320 
9.97087 0.00010 -0.0723522402 -0.0648674373 
9.97133 0.00010 -0.0724889360 -0.0650052361 
9.97179 0.00010 -0.0726254365 -0.0651428379 
9.97226 0.00010 -0.0727618312 -0.0652803331 
9.97272 0.00010 -0.0728980599 -0.0654176610 
9.97322 0.00010 -0.0730453514 -0.0655661409 
9.97368 0.00010 -0.0731812516 -0.0657031377 
9.97414 0.00010 -0.0733171051 -0.0658400873 
9.97460 0.00010 -0.0734527923 -0.0659768693 
9.97506 0.00010 -0.0735926186 -0.0661178238 
9.97552 0.00010 -0.0737322511 -0.0662585829 
9.97598 0.00010 -0.0738717792 -0.0663992369 
9.97644 0.00010 -0.0740111730 -0.0665397553 
9.97690 0.00010 -0.0736835089 -0.0666801080 
9.97736 0.00010 -0.0738226736 -0.0668203249 
9.97782 0.00010 -0.0739616735 -0.0669603756 
9.97827 0.00010 -0.0741005383 -0.0671002903 
9.97873 0.00010 -0.0742384880 -0.0672392831 
9.97919 0.00010 -0.0743724915 -0.0673742997 
9.97964 0.00010 -0.0745063266 -0.0675091466 
9.98010 0.00010 -0.0746400531 -0.0676438841 
9.98055 0.00010 -0.0747735808 -0.0677784214 
9.98101 0.00010 -0.0749070298 -0.0679128793 
9.98146 0.00010 -0.0750403098 -0.0680471670 
9.98191 0.00010 -0.0751734806 -0.0681813446 
9.98237 0.00010 -0.0753064522 -0.0683153215 
9.98282 0.00010 -0.0754393143 -0.0684491881 
9.98327 0.00010 -0.0755720369 -0.0685829142 
9.98372 0.00010 -0.0757046499 -0.0687165298 
9.98417 0.00010 -0.0758370929 -0.0688499742 
9.98462 0.00010 -0.0759694261 -0.0689833079 
9.98507 0.00010 -0.0761015891 -0.0691164701 
9.98552 0.00010 -0.0762336420 -0.0692495213 
9.98597 0.00010 -0.0763655243 -0.0693824007 
9.98642 0.00010 -0.0764965424 -0.0695144094 
9.98687 0.00010 -0.0766271781 -0.0696460328 
9.98731 0.00010 -0.0767577026 -0.0697775441 
9.98776 0.00010 -0.0768880554 -0.0699088824 
9.98821 0.00010 -0.0770182966 -0.0700401083 
9.98865 0.00010 -0.0771483961 -0.0701711914 
9.98910 0.00010 -0.0772783535 -0.0703021314 
9.98955 0.00010 -0.0774081992 -0.0704329587 
9.98999 0.00010 -0.0775379025 -0.0705636427 
9.99044 0.00010 -0.0776674938 -0.0706942137 
9.99088 0.00010 -0.0777969123 -0.0708246108 
9.99136 0.00010 -0.0779368067 -0.0709655628 
9.99180 0.00010 -0.0780659732 -0.0710957059 
9.99224 0.00010 -0.0781949969 -0.0712257050 
9.99269 0.00010 -0.0783239077 -0.0713555905 
9.99313 0.00010 -0.0784526754 -0.0714853318 
9.99357 0.00010 -0.0785812999 -0.0716149287 
9.99401 0.00010 -0.0787098112 -0.0717444116 
9.99445 0.00010 -0.0788381788 -0.0718737497 
9.99489 0.00010 -0.0789664332 -0.0720029738 
9.99533 0.00010 -0.0790945740 -0.0721320834 
9.99577 0.00010 -0.0792225405 -0.0722610174 
9.99621 0.00010 -0.0793503933 -0.0723898368 
9.99665 0.00010 -0.0794781322 -0.0725185415 
9.99708 0.00010 -0.0796057268 -0.0726471007 
9.99752 0.00010 -0.0797332072 -0.0727755450 
9.99796 0.00010 -0.0798605431 -0.0729038436 
9.99839 0.00010 -0.0799877645 -0.0730320269 
9.99883 0.00010 -0.0801148411 -0.0731600642 
9.99926 0.00010 -0.0802418032 -0.0732879861 
9.99970 0.00010 -0.0803686201 -0.0734157618 
10.00013 0.00010 -0.0804953525 -0.0735434524 
10.00057 0.00010 -0.0806219091 -0.0736709659 
10.00100 0.00010 -0.0807483812 -0.0737983941 
10.00144 0.00010 -0.0808747076 -0.0739256756 
10.00187 0.00010 -0.0810009187 -0.0740528410 
10.00230 0.00010 -0.0811269839 -0.0741798592 
10.00273 0.00010 -0.0812529335 -0.0743067611 
10.00316 0.00010 -0.0813787674 -0.0744335464 
10.00360 0.00010 -0.0815044857 -0.0745602151 
10.00403 0.00010 -0.0816300575 -0.0746867363 
10.00446 0.00010 -0.0817554827 -0.0748131099 
10.00489 0.00010 -0.0818808529 -0.0749394279 
10.00532 0.00010 -0.0820060152 -0.0750655365 
10.00574 0.00010 -0.0821311223 -0.0751915894 
10.00617 0.00010 -0.0822560823 -0.0753174942 
10.00660 0.00010 -0.0823800394 -0.0754423885 
10.00703 0.00010 -0.0825032066 -0.0755664869 
10.00746 0.00010 -0.0826262866 -0.0756904975 
10.00788 0.00010 -0.0827492182 -0.0758143585 
10.00831 0.00010 -0.0828720014 -0.0759380699 
10.00877 0.00010 -0.0830047982 -0.0760718708 
10.00920 0.00010 -0.0831273786 -0.0761953780 
10.00962 0.00010 -0.0832498101 -0.0763187351 
10.01005 0.00010 -0.0833721232 -0.0764419729 
10.01047 0.00010 -0.0834951452 -0.0765659251 
10.01089 0.00010 -0.0836185089 -0.0766902214 
10.01132 0.00010 -0.0837417852 -0.0768144298 
10.01174 0.00010 -0.0838649128 -0.0769384882 
10.01216 0.00010 -0.0839879835 -0.0770624894 
10.01259 0.00010 -0.0841108438 -0.0771862786 
10.01301 0.00010 -0.0842336471 -0.0773100104 
10.01343 0.00010 -0.0843563012 -0.0774335918 
10.01385 0.00010 -0.0844788673 -0.0775570845 
10.01427 0.00010 -0.0846012839 -0.0776804266 
10.01469 0.00010 -0.0847235816 -0.0778036490 
10.01511 0.00010 -0.0848457911 -0.0779267825 
10.01553 0.00010 -0.0849678507 -0.0780497649 
10.01595 0.00010 -0.0850898219 -0.0781726582 
10.01637 0.00010 -0.0852116737 -0.0782954314 
10.01679 0.00010 -0.0853333754 -0.0784180532 
10.01720 0.00010 -0.0854549883 -0.0785405855 
10.01762 0.00010 -0.0855764508 -0.0786629663 
10.01804 0.00010 -0.0856978551 -0.0787852885 
10.01846 0.00010 -0.0858191087 -0.0789074588 
10.01887 0.00010 -0.0859402423 -0.0790295083 
10.01929 0.00010 -0.0860612559 -0.0791514368 
10.01970 0.00010 -0.0861821801 -0.0792732752 
10.02012 0.00010 -0.0863029532 -0.0793949614 
10.02053 0.00010 -0.0864236367 -0.0795165574 
10.02095 0.00010 -0.0865441688 -0.0796380007 
10.02136 0.00010 -0.0866646420 -0.0797593848 
10.02177 0.00010 -0.0867849637 -0.0798806161 
10.02219 0.00010 -0.0869051953 -0.0800017568 
10.02260 0.00010 -0.0870252752 -0.0801227445 
10.02301 0.00010 -0.0871452957 -0.0802436725 
10.02342 0.00010 -0.0872651333 -0.0803644161 
10.02384 0.00010 -0.0873849115 -0.0804850999 
10.02425 0.00010 -0.0875045683 -0.0806056613 
10.02466 0.00010 -0.0876241036 -0.0807261004 
10.02507 0.00010 -0.0877435174 -0.0808464170 
10.02551 0.00010 -0.0878725920 -0.0809764674 
10.02592 0.00010 -0.0879917650 -0.0810965414 
10.02633 0.00010 -0.0881108469 -0.0812165237 
10.02674 0.00010 -0.0882298380 -0.0813364144 
10.02715 0.00010 -0.0883486758 -0.0814561507 
10.02755 0.00010 -0.0884674225 -0.0815757952 
10.02796 0.00010 -0.0885860159 -0.0816952851 
10.02837 0.00010 -0.0887045487 -0.0818147142 
10.02878 0.00010 -0.0888229591 -0.0819340198 
10.02918 0.00010 -0.0889412780 -0.0820532332 
10.02959 0.00010 -0.0890594429 -0.0821722915 
10.02999 0.00010 -0.0891775162 -0.0822912575 
10.03040 0.00010 -0.0892954975 -0.0824101308 
10.03080 0.00010 -0.0894133247 -0.0825288489 
10.03121 0.00010 -0.0895310909 -0.0826475054 
10.03161 0.00010 -0.0896487028 -0.0827660065 
10.03202 0.00010 -0.0897662535 -0.0828844459 
10.03242 0.00010 -0.0898836496 -0.0830027296 
10.03282 0.00010 -0.0900009844 -0.0831209516 
10.03323 0.00010 -0.0901181645 -0.0832390175 
10.03363 0.00010 -0.0902352518 -0.0833569901 
10.03403 0.00010 -0.0903522153 -0.0834748379 
10.03443 0.00010 -0.0904690860 -0.0835925922 
10.03483 0.00010 -0.0905858638 -0.0837102529 
10.03523 0.00010 -0.0907025174 -0.0838277884 
10.03563 0.00010 -0.0908190779 -0.0839452302 
10.03603 0.00010 -0.0909355140 -0.0840625466 
10.03643 0.00010 -0.0910518569 -0.0841797691 
10.03683 0.00010 -0.0911680752 -0.0842968661 
10.03723 0.00010 -0.0912842312 -0.0844139003 
10.03763 0.00010 -0.0914002000 -0.0845307459 
10.03803 0.00010 -0.0915161376 -0.0846475600 
10.03843 0.00010 -0.0916319503 -0.0847642483 
10.03882 0.00010 -0.0917476379 -0.0848808105 
10.03922 0.00010 -0.0918631378 -0.0849971837 
10.03962 0.00010 -0.0919785124 -0.0851134306 
10.04002 0.00010 -0.0920938242 -0.0852296142 
10.04041 0.00010 -0.0922089791 -0.0853456397 
10.04081 0.00010 -0.0923240710 -0.0854616018 
10.04120 0.00010 -0.0924390372 -0.0855774371 
10.04163 0.00010 -0.0925633603 -0.0857027002 
10.04202 0.00010 -0.0926781399 -0.0858183476 
10.04242 0.00010 -0.0927927622 -0.0859338365 
10.04281 0.00010 -0.0929073523 -0.0860492930 
10.04321 0.00010 -0.0930218163 -0.0861646224 
10.04360 0.00010 -0.0931362167 -0.0862798876 
10.04399 0.00010 -0.0932504907 -0.0863950256 
10.04438 0.00010 -0.0933646382 -0.0865100362 
10.04478 0.00010 -0.0934787532 -0.0866250140 
10.04517 0.00010 -0.0935927103 -0.0867398326 
10.04556 0.00010 -0.0937065719 -0.0868545550 
10.04595 0.00010 -0.0938203381 -0.0869691814 
10.04634 0.00010 -0.0939339773 -0.0870836798 
10.04673 0.00010 -0.0940475523 -0.0871981134 
10.04712 0.00010 -0.0941610002 -0.0873124190 
10.04751 0.00010 -0.0942743522 -0.0874266280 
10.04790 0.00010 -0.0943876083 -0.0875407404 
10.04829 0.00010 -0.0945007685 -0.0876547562 
10.04868 0.00010 -0.0946138326 -0.0877686751 
10.04907 0.00010 -0.0947267691 -0.0878824654 
10.04945 0.00010 -0.0948396093 -0.0879961588 
10.04984 0.00010 -0.0949523847 -0.0881097868 
10.05023 0.00010 -0.0950650007 -0.0882232542 
10.05062 0.00010 -0.0951775517 -0.0883366561 
10.05100 0.00010 -0.0952899746 -0.0884499290 
10.05139 0.00010 -0.0954023638 -0.0885631679 
10.05177 0.00010 -0.0955145933 -0.0886762459 
10.05216 0.00010 -0.0956267259 -0.0887892263 
10.05254 0.00010 -0.0957387931 -0.0889021408 
10.05293 0.00010 -0.0958507318 -0.0890149258 
10.05331 0.00010 -0.0959625734 -0.0891276130 
10.05370 0.00010 -0.0960743493 -0.0892402340 
10.05408 0.00010 -0.0961859964 -0.0893527253 
10.05447 0.00010 -0.0962975462 -0.0894651184 
10.05485 0.00010 -0.0964089986 -0.0895774134 
10.05523 0.00010 -0.0965203534 -0.0896896101 
10.05561 0.00010 -0.0966316107 -0.0898017085 
10.05600 0.00010 -0.0967427703 -0.0899137085 
10.05638 0.00010 -0.0968538320 -0.0900256100 
10.05676 0.00010 -0.0969647960 -0.0901374129 
10.05717 0.00010 -0.0970847387 -0.0902582625 
10.05755 0.00010 -0.0971955091 -0.0903698703 
10.05793 0.00010 -0.0973061813 -0.0904813792 
10.05831 0.00010 -0.0974167237 -0.0905927574 
10.05869 0.00010 -0.0975271995 -0.0907040684 
10.05907 0.00010 -0.0976375769 -0.0908152804 
10.05945 0.00010 -0.0977478560 -0.0909263932 
10.05983 0.00010 -0.0978580365 -0.0910374067 
10.06021 0.00010 -0.0979681501 -0.0911483528 
10.06059 0.00010 -0.0980781333 -0.0912591676 
10.06096 0.00010 -0.0981880178 -0.0913698829 
10.06134 0.00010 -0.0982978352 -0.0914805305 
10.06172 0.00010 -0.0984075219 -0.0915910465 
10.06210 0.00010 -0.0985171096 -0.0917014628 
10.06247 0.00010 -0.0986266617 -0.0918118431 
10.06285 0.00010 -0.0987360830 -0.0919220917 
10.06322 0.00010 -0.0988454049 -0.0920322401 
10.06360 0.00010 -0.0989546276 -0.0921422886 
10.06397 0.00010 -0.0990637508 -0.0922522368 
10.06435 0.00010 -0.0991728064 -0.0923621169 
10.06472 0.00010 -0.0992817305 -0.0924718646 
10.06510 0.00010 -0.0993905869 -0.0925815439 
10.06547 0.00010 -0.0994993435 -0.0926911228 
10.06584 0.00010 -0.0996080322 -0.0928006332 
10.06622 0.00010 -0.0997165891 -0.0929100109 
10.06659 0.00010 -0.0998250779 -0.0930193200 
10.06696 0.00010 -0.0999334667 -0.0931285282 
10.06734 0.00010 -0.1000417554 -0.0932376356 
10.06771 0.00010 -0.1001499757 -0.0933466741 
10.06808 0.00010 -0.1002580639 -0.0934555795 
10.06845 0.00010 -0.1003660836 -0.0935644159 
10.06882 0.00010 -0.1004740347 -0.0936731832 
10.06919 0.00010 -0.1005818216 -0.0937817850 
10.06956 0.00010 -0.1006895717 -0.0938903497 
10.06993 0.00010 -0.1007972211 -0.0939988130 
10.07030 0.00010 -0.1009047698 -0.0941071748 
10.07067 0.00010 -0.1010122496 -0.0942154672 
10.07104 0.00010 -0.1011196284 -0.0943236579 
10.07141 0.00010 -0.1012269063 -0.0944317468 
10.07178 0.00010 -0.1013341151 -0.0945397662 
10.07218 0.00010 -0.1014499766 -0.0946565036 
10.07254 0.00010 -0.1015569852 -0.0947643213 
10.07291 0.00010 -0.1016639245 -0.0948720691 
10.07328 0.00010 -0.1017707305 -0.0949796826 
10.07365 0.00010 -0.1018774671 -0.0950872261 
10.07401 0.00010 -0.1019841021 -0.0951946674 
10.07438 0.00010 -0.1020906675 -0.0953020384 
10.07474 0.00010 -0.1021971312 -0.0954093071 
10.07511 0.00010 -0.1023034612 -0.0955164410 
10.07548 0.00010 -0.1024097534 -0.0956235368 
10.07584 0.00010 -0.1025159437 -0.0957305300 
10.07621 0.00010 -0.1026220641 -0.0958374526 
10.07657 0.00010 -0.1027279863 -0.0959441757 
10.07693 0.00010 -0.1028334217 -0.0960504082 
10.07730 0.00010 -0.1029388187 -0.0961566021 
10.07766 0.00010 -0.1025919866 -0.0962626605 
10.07802 0.00010 -0.1031493054 -0.0963686802 
10.07839 0.00010 -0.1028024060 -0.0964745640 
10.07875 0.00010 -0.1029075098 -0.0965804091 
10.07911 0.00010 -0.1034643615 -0.0966861183 
10.07947 0.00010 -0.1031173445 -0.0967917238 
10.07984 0.00010 -0.1032222038 -0.0968973226 
10.08020 0.00010 -0.1033268957 -0.0970027529 
10.08056 0.00010 -0.1034315166 -0.0971081117 
10.08092 0.00010 -0.1035360665 -0.0972133989 
10.08128 0.00010 -0.1036405452 -0.0973186146 
10.08164 0.00010 -0.1037448884 -0.0974236937 
10.08200 0.00010 -0.1038491925 -0.0975287334 
10.08236 0.00010 -0.1039534253 -0.0976337013 
10.08272 0.00010 -0.1040575545 -0.0977385649 
10.08308 0.00010 -0.1041615800 -0.0978433242 
10.08344 0.00010 -0.1042655341 -0.0979480114 
10.08379 0.00010 -0.1043693521 -0.0980525616 
10.08415 0.00010 -0.1044731306 -0.0981570721 
10.08451 0.00010 -0.1045768053 -0.0982614780 
10.08487 0.00010 -0.1046804403 -0.0983658440 
10.08523 0.00010 -0.1047839391 -0.0984700727 
10.08558 0.00010 -0.1048873659 -0.0985742290 
10.08594 0.00010 -0.1049907208 -0.0986783128 
10.08629 0.00010 -0.1050939714 -0.0987822916 
10.08668 0.00010 -0.1052056388 -0.0988947466 
10.08704 0.00010 -0.1053086826 -0.0989985172 
10.08739 0.00010 -0.1054117187 -0.0991022799 
10.08775 0.00010 -0.1055146179 -0.0992059049 
10.08810 0.00010 -0.1056174770 -0.0993094895 
10.08846 0.00010 -0.1057201991 -0.0994129360 
10.08881 0.00010 -0.1058228487 -0.0995163096 
10.08916 0.00010 -0.1059254581 -0.0996196427 
10.08952 0.00010 -0.1060279302 -0.0997228375 
10.08987 0.00010 -0.1061303620 -0.0998259917 
10.09022 0.00010 -0.1062326886 -0.0999290400 
10.09058 0.00010 -0.1063349425 -0.1000320151 
10.09093 0.00010 -0.1064370911 -0.1001348842 
10.09128 0.00010 -0.1065391668 -0.1002376798 
10.09163 0.00010 -0.1066411695 -0.1003404020 
10.09199 0.00010 -0.1067430992 -0.1004430505 
10.09234 0.00010 -0.1068449234 -0.1005455928 
10.09269 0.00010 -0.1069466744 -0.1006480615 
10.09304 0.00010 -0.1070483521 -0.1007504563 
10.09339 0.00010 -0.1071499241 -0.1008527447 
10.09374 0.00010 -0.1072514552 -0.1009549919 
10.09409 0.00010 -0.1073528804 -0.1010571325 
10.09444 0.00010 -0.1074542322 -0.1011591991 
10.09479 0.00010 -0.1075554780 -0.1012611590 
10.09514 0.00010 -0.1076566501 -0.1013630446 
10.09549 0.00010 -0.1077577486 -0.1014648562 
10.09584 0.00010 -0.1078587734 -0.1015665935 
10.09618 0.00010 -0.1079596919 -0.1016682238 
10.09653 0.00010 -0.1080605691 -0.1017698124 
10.09688 0.00010 -0.1081613398 -0.1018712938 
10.09723 0.00010 -0.1082620366 -0.1019727008 
10.09757 0.00010 -0.1083626593 -0.1020740332 
10.09792 0.00010 -0.1084631754 -0.1021752583 
10.09827 0.00010 -0.1085636500 -0.1022764415 
10.09861 0.00010 -0.1086639852 -0.1023774843 
10.09896 0.00010 -0.1087643112 -0.1024785179 
10.09931 0.00010 -0.1088644978 -0.1025794112 
10.09965 0.00010 -0.1089646426 -0.1026802623 
10.10000 0.00010 -0.1090647130 -0.1027810384 
10.10037 0.00010 -0.1091728854 -0.1028899737 
10.10072 0.00010 -0.1092727759 -0.1029905688 
10.10106 0.00010 -0.1093725593 -0.1030910560 
10.10140 0.00010 -0.1094723332 -0.1031915335 
10.10175 0.00010 -0.1095719671 -0.1032918701 
10.10209 0.00010 -0.1096715262 -0.1033921314 
10.10243 0.00010 -0.1097710430 -0.1034923501 
10.10278 0.00010 -0.1098704523 -0.1035924605 
10.10312 0.00010 -0.1099697866 -0.1036924954 
10.10346 0.00010 -0.1100690458 -0.1037924547 
10.10381 0.00010 -0.1101682300 -0.1038923384 
10.10415 0.00010 -0.1102673063 -0.1039921135 
10.10449 0.00010 -0.1103663401 -0.1040918458 
10.10483 0.00010 -0.1104652986 -0.1041915022 
10.10517 0.00010 -0.1105641818 -0.1042910828 
10.10551 0.00010 -0.1106629242 -0.1043905216 
10.10585 0.00010 -0.1107616565 -0.1044899503 
10.10619 0.00010 -0.1108603133 -0.1045893029 
10.10653 0.00010 -0.1109588291 -0.1046885136 
10.10687 0.00010 -0.1110556661 -0.1047860335 
10.10721 0.00010 -0.1111519030 -0.1048829491 
10.10755 0.00010 -0.1112480305 -0.1049797546 
10.10789 0.00010 -0.1113441466 -0.1050765486 
10.10823 0.00010 -0.1114401204 -0.1051731993 
10.10857 0.00010 -0.1115360501 -0.1052698056 
10.10891 0.00010 -0.1116319356 -0.1053663674 
10.10924 0.00010 -0.1117276786 -0.1054627856 
10.10958 0.00010 -0.1118234101 -0.1055591923 
10.10992 0.00010 -0.1119193923 -0.1056558514 
10.11026 0.00010 -0.1120170026 -0.1057541502 
10.11059 0.00010 -0.1121145695 -0.1058524052 
10.11093 0.00010 -0.1122120272 -0.1059505503 
10.11127 0.00010 -0.1123094413 -0.1060486515 
10.11160 0.00010 -0.1124067462 -0.1061466426 
10.11194 0.00010 -0.1125040073 -0.1062445897 
10.11228 0.00010 -0.1126011591 -0.1063424267 
10.11261 0.00010 -0.1126982670 -0.1064402195 
10.11295 0.00010 -0.1127952654 -0.1065379021 
10.11328 0.00010 -0.1128922199 -0.1066355404 
10.11362 0.00010 -0.1129890977 -0.1067331014 
10.11398 0.00010 -0.1130938211 -0.1068385634 
10.11431 0.00010 -0.1131905139 -0.1069359382 
10.11464 0.00010 -0.1132871627 -0.1070332686 
10.11498 0.00010 -0.1133837674 -0.1071305546 
10.11531 0.00010 -0.1134802291 -0.1072276967 
10.11564 0.00010 -0.1135766466 -0.1073247943 
10.11598 0.00010 -0.1136729870 -0.1074218141 
10.11631 0.00010 -0.1137692501 -0.1075187561 
10.11664 0.00010 -0.1138654358 -0.1076156203 
10.11697 0.00010 -0.1139615772 -0.1077124397 
10.11731 0.00010 -0.1140576082 -0.1078091480 
10.11764 0.00010 -0.1141535947 -0.1079058115 
10.11797 0.00010 -0.1142495037 -0.1080023969 
10.11830 0.00010 -0.1143453351 -0.1080989042 
10.11863 0.00010 -0.1144410888 -0.1081953333 
10.11896 0.00010 -0.1145367649 -0.1082916841 
10.11929 0.00010 -0.1146323962 -0.1083879900 
10.11962 0.00010 -0.1147279498 -0.1084842175 
10.11995 0.00010 -0.1148233925 -0.1085803333 
10.12028 0.00010 -0.1149187903 -0.1086764039 
10.12061 0.00010 -0.1150141101 -0.1087723960 
10.12094 0.00010 -0.1151093519 -0.1088683096 
10.12127 0.00010 -0.1152045487 -0.1089641778 
10.12160 0.00010 -0.1152996344 -0.1090599341 
10.12192 0.00010 -0.1153946749 -0.1091556449 
10.12225 0.00010 -0.1154896372 -0.1092512770 
10.12258 0.00010 -0.1155845212 -0.1093468302 
10.12291 0.00010 -0.1156793600 -0.1094423378 
10.12323 0.00010 -0.1157740873 -0.1095377332 
10.12356 0.00010 -0.1158687692 -0.1096330830 
10.12389 0.00010 -0.1159633727 -0.1097283537 
10.12422 0.00010 -0.1160578976 -0.1098235453 
10.12454 0.00010 -0.1161523439 -0.1099186577 
10.12487 0.00010 -0.1162467778 -0.1100137576 
10.12519 0.00010 -0.1163410668 -0.1101087116 
10.12552 0.00010 -0.1164353432 -0.1102036529 
10.12584 0.00010 -0.1165295077 -0.1102984816 
10.12617 0.00010 -0.1166235934 -0.1103932308 
10.12649 0.00010 -0.1167176664 -0.1104879673 
10.12682 0.00010 -0.1168116273 -0.1105825909 
10.12717 0.00010 -0.1169132369 -0.1106849172 
10.12749 0.00010 -0.1170070414 -0.1107793832 
10.12782 0.00010 -0.1171008331 -0.1108738365 
10.12814 0.00010 -0.1171945125 -0.1109681766 
10.12846 0.00010 -0.1172881127 -0.1110624369 
10.12879 0.00010 -0.1173816335 -0.1111566173 
10.12911 0.00010 -0.1174751082 -0.1112507513 
10.12943 0.00010 -0.1175685036 -0.1113448054 
10.12976 0.00010 -0.1176618527 -0.1114388129 
10.13008 0.00010 -0.1177551224 -0.1115327404 
10.13040 0.00010 -0.1178483125 -0.1116265877 
10.13072 0.00010 -0.1179414230 -0.1117203549 
10.13104 0.00010 -0.1180344871 -0.1118140754 
10.13136 0.00010 -0.1181274715 -0.1119077157 
10.13168 0.00010 -0.1182204095 -0.1120013091 
10.13201 0.00010 -0.1183132676 -0.1120948221 
10.13233 0.00010 -0.1184060459 -0.1121882548 
10.13265 0.00010 -0.1184987776 -0.1122816405 
10.13297 0.00010 -0.1185913960 -0.1123749122 
10.13329 0.00010 -0.1186839678 -0.1124681369 
10.13361 0.00010 -0.1187764928 -0.1125613145 
10.13392 0.00010 -0.1188689377 -0.1126544113 
10.13424 0.00010 -0.1189613025 -0.1127474275 
10.13456 0.00010 -0.1190536204 -0.1128403965 
10.13488 0.00010 -0.1191458580 -0.1129332847 
10.13520 0.00010 -0.1192380153 -0.1130260920 
10.13552 0.00010 -0.1193301256 -0.1131188519 
10.13584 0.00010 -0.1194221889 -0.1132115645 
10.13615 0.00010 -0.1195141384 -0.1133041625 
10.13647 0.00010 -0.1196060407 -0.1133967130 
10.13679 0.00010 -0.1196978625 -0.1134891824 
10.13711 0.00010 -0.1197896370 -0.1135816042 
10.13742 0.00010 -0.1198813309 -0.1136739448 
10.13774 0.00010 -0.1199729775 -0.1137662378 
10.13805 0.00010 -0.1200645434 -0.1138584495 
10.13837 0.00010 -0.1201560618 -0.1139506134 
10.13869 0.00010 -0.1202474660 -0.1140426622 
10.13900 0.00010 -0.1203388227 -0.1141346633 
10.13932 0.00010 -0.1204301653 -0.1142266501 
10.13963 0.00010 -0.1205213935 -0.1143185218 
10.13997 0.00010 -0.1206200340 -0.1144178579 
10.14029 0.00010 -0.1207111016 -0.1145095678 
10.14060 0.00010 -0.1208021215 -0.1146012297 
10.14092 0.00010 -0.1208931272 -0.1146928772 
10.14123 0.00010 -0.1209840181 -0.1147844092 
10.14154 0.00010 -0.1210748278 -0.1148758593 
10.14186 0.00010 -0.1211655895 -0.1149672612 
10.14217 0.00010 -0.1212531207 -0.1150554097 
10.14248 0.00010 -0.1213379890 -0.1151408766 
10.14280 0.00010 -0.1214228405 -0.1152263265 
10.14311 0.00010 -0.1215075746 -0.1153116583 
10.14342 0.00010 -0.1215922583 -0.1153969392 
10.14373 0.00010 -0.1216768915 -0.1154821694 
10.14405 0.00010 -0.1217614743 -0.1155673487 
10.14436 0.00010 -0.1218459730 -0.1156524434 
10.14467 0.00010 -0.1219304548 -0.1157375210 
10.14498 0.00010 -0.1220148188 -0.1158224800 
10.14529 0.00010 -0.1220999715 -0.1159082332 
10.14560 0.00010 -0.1221899756 -0.1159988722 
10.14591 0.00010 -0.1222799314 -0.1160894624 
10.14622 0.00010 -0.1223698051 -0.1161799700 
10.14653 0.00010 -0.1224596641 -0.1162704627 
10.14684 0.00010 -0.1225494409 -0.1163608727 
10.14715 0.00010 -0.1226391356 -0.1164512000 
10.14746 0.00010 -0.1227287480 -0.1165414445 
10.14777 0.00010 -0.1228183456 -0.1166316739 
10.14808 0.00010 -0.1229078272 -0.1167217867 
10.14839 0.00010 -0.1229972937 -0.1168118842 
10.14870 0.00010 -0.1230866779 -0.1169018988 
10.14901 0.00010 -0.1231759459 -0.1169917964 
10.14932 0.00010 -0.1232652325 -0.1170817127 
10.14962 0.00010 -0.1233544029 -0.1171715120 
10.14993 0.00010 -0.1234435244 -0.1172612621 
10.15024 0.00010 -0.1235325970 -0.1173509629 
10.15055 0.00010 -0.1236216206 -0.1174406144 
10.15085 0.00010 -0.1237105614 -0.1175301825 
10.15116 0.00010 -0.1237994196 -0.1176196674 
10.15147 0.00010 -0.1238882286 -0.1177091027 
10.15177 0.00010 -0.1239769885 -0.1177984887 
