7.00000 0.03000 1.0305148287 1.2549995237 
7.30103 0.03000 0.9381547918 1.0510171672 
7.47712 0.03000 0.8790163026 0.9593915435 
7.60206 0.03000 0.8346567509 0.9032064582 
7.69897 0.03000 0.7981988104 0.8547984634 
7.77815 0.03000 0.7703479054 0.8185639583 
7.84510 0.03000 0.7456174841 0.7894817183 
7.90309 0.03000 0.7255027009 0.7661443415 
7.95424 0.03000 0.7069004221 0.7453165953 
8.00000 0.03000 0.6902930007 0.7274517937 
8.04139 0.03000 0.6756988114 0.7116616883 
8.07918 0.03000 0.6624088805 0.6972192810 
8.11394 0.03000 0.6496129900 0.6841554479 
8.14613 0.03000 0.6386561666 0.6721152001 
8.17609 0.03000 0.6276956574 0.6609308929 
8.20412 0.03000 0.6174770272 0.6505036127 
8.23045 0.03000 0.6087524988 0.6407633904 
8.25527 0.03000 0.5998782700 0.6317125825 
8.27875 0.03000 0.5914845839 0.6231518792 
8.30103 0.03000 0.5836956148 0.6152079255 
8.32222 0.03000 0.5762867661 0.6076516558 
8.34242 0.03000 0.5692596560 0.6004847206 
8.36173 0.03000 0.5626679235 0.5937618260 
8.38021 0.03000 0.5555627168 0.5873250999 
8.39794 0.03000 0.5495123417 0.5811511849 
8.41497 0.03000 0.5436755597 0.5751952240 
8.43136 0.03000 0.5380608460 0.5694658658 
8.44716 0.03000 0.5326503545 0.5639448998 
8.46240 0.03000 0.5274297272 0.5586176747 
8.47712 0.03000 0.5217036883 0.5535677594 
8.49136 0.03000 0.5169944012 0.5487598610 
8.50515 0.03000 0.5124346581 0.5441046382 
8.51851 0.03000 0.5072450576 0.5395926777 
8.53148 0.03000 0.5029597703 0.5352154220 
8.54407 0.03000 0.4987948778 0.5309611450 
8.55630 0.03000 0.4947200808 0.5267988971 
8.56820 0.03000 0.4907569735 0.5227507358 
8.57978 0.03000 0.4861397401 0.5188105012 
8.59106 0.03000 0.4823844362 0.5149726421 
8.60206 0.03000 0.4787242386 0.5112319800 
8.61278 0.03000 0.4751543868 0.5075836499 
8.62325 0.03000 0.4717085805 0.5040620922 
8.63347 0.03000 0.4676632116 0.5006950179 
8.64345 0.03000 0.4644459761 0.4974053740 
8.65321 0.03000 0.4613010063 0.4941896223 
8.66276 0.03000 0.4574793010 0.4910445869 
8.67210 0.03000 0.4544711642 0.4879671736 
8.68124 0.03000 0.4515263594 0.4849545509 
8.69020 0.03000 0.4486422914 0.4820040637 
8.69897 0.03000 0.4450765567 0.4791131781 
8.70757 0.03000 0.4423123674 0.4762838825 
8.71600 0.03000 0.4396116969 0.4735196017 
8.72428 0.03000 0.4369624683 0.4708079744 
8.73239 0.03000 0.4336285979 0.4681473193 
8.74036 0.03000 0.4310787334 0.4655360594 
8.74819 0.03000 0.4285729203 0.4629699117 
8.75587 0.03000 0.4253827048 0.4604510645 
8.76343 0.03000 0.4229671036 0.4579760328 
8.77085 0.03000 0.4205927812 0.4555432955 
8.77815 0.03000 0.4182553863 0.4531483942 
8.78533 0.03000 0.4152338183 0.4507961040 
8.79239 0.03000 0.4129764684 0.4484820309 
8.79934 0.03000 0.4107635355 0.4462134910 
8.80618 0.03000 0.4085939650 0.4439894031 
8.81291 0.03000 0.4057395543 0.4418026522 
8.81954 0.03000 0.4036400356 0.4396492721 
8.82607 0.03000 0.4015720444 0.4375282282 
8.83251 0.03000 0.3995321322 0.4354359837 
8.83885 0.03000 0.3968075047 0.4333769004 
8.84510 0.03000 0.3948298536 0.4313474730 
8.85126 0.03000 0.3928802016 0.4293467777 
8.85733 0.03000 0.3909553970 0.4273715804 
8.86332 0.03000 0.3883465023 0.4254261212 
8.86923 0.03000 0.3864774320 0.4235071323 
8.87506 0.03000 0.3846334162 0.4216138670 
8.88081 0.03000 0.3828115207 0.4197433127 
8.88649 0.03000 0.3810157658 0.4178995972 
8.89209 0.03000 0.3785347592 0.4160796421 
8.89763 0.03000 0.3767763764 0.4142733692 
8.90309 0.03000 0.3750238295 0.4124730911 
8.90849 0.03000 0.3732953105 0.4106974953 
8.91381 0.03000 0.3715879609 0.4089436453 
8.91908 0.03000 0.3699013167 0.4072110648 
8.92428 0.03000 0.3682327618 0.4054970662 
8.92942 0.03000 0.3658837844 0.4038054935 
8.93450 0.03000 0.3642571750 0.4021337238 
8.93952 0.03000 0.3626493205 0.4004812296 
8.94448 0.03000 0.3610578456 0.3988455698 
8.94939 0.03000 0.3594863901 0.3972304852 
8.95424 0.03000 0.3579324860 0.3956334394 
8.95904 0.03000 0.3563956988 0.3940539855 
8.96379 0.03000 0.3541772355 0.3924898631 
8.96848 0.03000 0.3526744731 0.3909445842 
8.97313 0.03000 0.3511877869 0.3894158364 
8.97772 0.03000 0.3497168303 0.3879032633 
8.98227 0.03000 0.3482594289 0.3864046288 
8.98677 0.03000 0.3468189783 0.3849234247 
8.99123 0.03000 0.3453932961 0.3834574068 
8.99564 0.03000 0.3439820893 0.3820062739 
9.00000 0.03000 0.3425832557 0.3805678643 
9.00432 0.03000 0.3410828112 0.3790249690 
9.00860 0.03000 0.3395624084 0.3774615506 
9.01284 0.03000 0.3380568522 0.3759133989 
9.01703 0.03000 0.3365658538 0.3743802170 
9.02119 0.03000 0.3350891175 0.3728617005 
9.02531 0.03000 0.3336263836 0.3713575827 
9.02938 0.03000 0.3321773863 0.3698675901 
9.03342 0.03000 0.3314264780 0.3683915319 
9.03743 0.03000 0.3300035307 0.3669290786 
9.04139 0.03000 0.3285935806 0.3654799834 
9.04532 0.03000 0.3271964258 0.3640440386 
9.04922 0.03000 0.3258117719 0.3626209419 
9.05308 0.03000 0.3245063681 0.3612792955 
9.05690 0.03000 0.3233252018 0.3600653359 
9.06070 0.03000 0.3221543055 0.3588619314 
9.06446 0.03000 0.3203144229 0.3576689976 
9.06818 0.03000 0.3191642323 0.3564862656 
9.07188 0.03000 0.3180238307 0.3553135995 
9.07554 0.03000 0.3168930386 0.3541508149 
9.07918 0.03000 0.3157717632 0.3529978161 
9.08278 0.03000 0.3146549378 0.3518493933 
9.08636 0.03000 0.3135406298 0.3507035591 
9.08990 0.03000 0.3124354406 0.3495671017 
9.09342 0.03000 0.3113391788 0.3484398243 
9.09691 0.03000 0.3095777427 0.3473216200 
9.10037 0.03000 0.3084995318 0.3462123335 
9.10380 0.03000 0.3074297896 0.3451117599 
9.10721 0.03000 0.3063684967 0.3440198790 
9.11059 0.03000 0.3053154495 0.3429364815 
9.11394 0.03000 0.3041740090 0.3417621430 
9.11727 0.03000 0.3029536183 0.3405065790 
9.12057 0.03000 0.3017425000 0.3392605545 
9.12385 0.03000 0.3005405130 0.3380239246 
9.12710 0.03000 0.2993475603 0.3367965893 
9.13033 0.03000 0.2981634494 0.3355783507 
9.13353 0.03000 0.2976555964 0.3343691035 
9.13671 0.03000 0.2964882595 0.3331687401 
9.13987 0.03000 0.2953544443 0.3320028468 
9.14301 0.03000 0.2942681549 0.3308858239 
9.14613 0.03000 0.2931874523 0.3297745458 
9.14922 0.03000 0.2921166857 0.3286734850 
9.15229 0.03000 0.2910534752 0.3275801939 
9.15534 0.03000 0.2899976948 0.3264945432 
9.15836 0.03000 0.2889493120 0.3254164993 
9.16137 0.03000 0.2879081498 0.3243458804 
9.16435 0.03000 0.2868741726 0.3232826497 
9.16732 0.03000 0.2858471998 0.3222266216 
9.17026 0.03000 0.2848852514 0.3212374576 
9.17318 0.03000 0.2839301626 0.3202553472 
9.17609 0.03000 0.2829814539 0.3192797975 
9.17897 0.03000 0.2820390282 0.3183107085 
9.18184 0.03000 0.2811028353 0.3173480287 
9.18469 0.03000 0.2801727757 0.3163916556 
9.18752 0.03000 0.2792487971 0.3154415357 
9.19033 0.03000 0.2783307976 0.3144975640 
9.19312 0.03000 0.2774186740 0.3135596344 
9.19590 0.03000 0.2765124196 0.3126277401 
9.19865 0.03000 0.2756112414 0.3117010656 
9.20139 0.03000 0.2747051331 0.3107693216 
9.20412 0.03000 0.2738047239 0.3098434378 
9.20682 0.03000 0.2729098565 0.3089232526 
9.20951 0.03000 0.2720206199 0.3080088577 
9.21218 0.03000 0.2711368056 0.3071000383 
9.21484 0.03000 0.2702584017 0.3061967824 
9.21748 0.03000 0.2693852965 0.3052989751 
9.22010 0.03000 0.2685175265 0.3044066541 
9.22271 0.03000 0.2676549283 0.3035196510 
9.22530 0.03000 0.2667975372 0.3026380025 
9.22788 0.03000 0.2659451874 0.3017615379 
9.23044 0.03000 0.2650629594 0.3008543497 
9.23299 0.03000 0.2640042358 0.2997656725 
9.23552 0.03000 0.2636013767 0.2986833687 
9.23804 0.03000 0.2625544117 0.2976073362 
9.24054 0.03000 0.2615134987 0.2965375239 
9.24303 0.03000 0.2611265970 0.2954738271 
9.24551 0.03000 0.2600969779 0.2944161659 
9.24797 0.03000 0.2590732322 0.2933645381 
9.25041 0.03000 0.2587017115 0.2923188091 
9.25285 0.03000 0.2576889007 0.2912789483 
9.25527 0.03000 0.2566791643 0.2902422442 
9.25768 0.03000 0.2563407082 0.2892325850 
9.26007 0.03000 0.2553668042 0.2882331836 
9.26245 0.03000 0.2543982314 0.2872392528 
9.26482 0.03000 0.2540783743 0.2862507287 
9.26717 0.03000 0.2531198096 0.2852675728 
9.26951 0.03000 0.2518897251 0.2767997757 
9.27184 0.03000 0.2514915160 0.2757427539 
9.27416 0.03000 0.2504601523 0.2746914046 
9.27646 0.03000 0.2500714060 0.2736456374 
9.27875 0.03000 0.2489687561 0.2725221934 
9.28103 0.03000 0.2483755257 0.2712698298 
9.28330 0.03000 0.2471522335 0.2700241033 
9.28556 0.03000 0.2465699611 0.2687848026 
9.28780 0.03000 0.2459927199 0.2675518814 
9.29003 0.03000 0.2449725586 0.2665140685 
9.29225 0.03000 0.2446736261 0.2655659097 
9.29446 0.03000 0.2437458622 0.2646225730 
9.29666 0.03000 0.2428227931 0.2636840099 
9.29885 0.03000 0.2425360332 0.2627501425 
9.30103 0.03000 0.2416217980 0.2618210341 
9.30319 0.03000 0.2407562513 0.2609414064 
9.30535 0.03000 0.2399620276 0.2601342619 
9.30749 0.03000 0.2398017170 0.2593311140 
9.30963 0.03000 0.2390148709 0.2585318735 
9.31175 0.03000 0.2382318956 0.2577365647 
9.31386 0.03000 0.2374527305 0.2569451261 
9.31597 0.03000 0.2366773707 0.2561575528 
9.31806 0.03000 0.2359057263 0.2553737534 
9.32014 0.03000 0.2350913063 0.2545465048 
9.32222 0.03000 0.2349010830 0.2537162340 
9.32428 0.03000 0.2340871185 0.2528898679 
9.32633 0.03000 0.2332770250 0.2520674317 
9.32838 0.03000 0.2324707703 0.2512488927 
9.33041 0.03000 0.2316682357 0.2504341306 
9.33243 0.03000 0.2308694737 0.2496231986 
9.33445 0.03000 0.2307162025 0.2488333446 
9.33645 0.03000 0.2299602807 0.2480662950 
9.33845 0.03000 0.2292078138 0.2473027511 
9.34044 0.03000 0.2284588514 0.2465427634 
9.34242 0.03000 0.2277113572 0.2457842655 
9.34439 0.03000 0.2275919702 0.2450311255 
9.34635 0.03000 0.2268527432 0.2442813971 
9.34830 0.03000 0.2261168414 0.2435350410 
9.35025 0.03000 0.2254027294 0.2428107844 
9.35218 0.03000 0.2247289050 0.2421273877 
9.35411 0.03000 0.2240581174 0.2414470709 
9.35603 0.03000 0.2233900014 0.2407694636 
9.35793 0.03000 0.2227244535 0.2400944610 
9.35983 0.03000 0.2220618405 0.2394224348 
9.36173 0.03000 0.2220217166 0.2387532513 
9.36361 0.03000 0.2213645379 0.2380870746 
9.36549 0.03000 0.2207101337 0.2374237106 
9.36735 0.03000 0.2200569492 0.2367615829 
9.36921 0.03000 0.2193664983 0.2360616786 
9.37107 0.03000 0.2186790322 0.2353647999 
9.37291 0.03000 0.2179944183 0.2346708124 
9.37475 0.03000 0.2173127315 0.2339797922 
9.37657 0.03000 0.2172541970 0.2332950531 
9.37840 0.03000 0.2165775060 0.2326094448 
9.38021 0.03000 0.2159036693 0.2319267283 
9.38201 0.03000 0.2152325821 0.2312467975 
9.38381 0.03000 0.2145642889 0.2305696976 
9.38560 0.03000 0.2139433748 0.2299406012 
9.38739 0.03000 0.2133346995 0.2293239048 
9.38916 0.03000 0.2127285688 0.2287097866 
9.39093 0.03000 0.2121248134 0.2280980750 
9.39269 0.03000 0.2115235658 0.2274889042 
9.39445 0.03000 0.2109247769 0.2268822246 
9.39620 0.03000 0.2103240883 0.2262736201 
9.39794 0.03000 0.2097279358 0.2256696116 
9.39967 0.03000 0.2097479632 0.2250689861 
9.40140 0.03000 0.2091571379 0.2244706782 
9.40312 0.03000 0.2085719703 0.2238780996 
9.40483 0.03000 0.2079905279 0.2232892935 
9.40654 0.03000 0.2074113883 0.2227028193 
9.40824 0.03000 0.2068345005 0.2221186253 
9.40993 0.03000 0.2062598746 0.2215367220 
9.41162 0.03000 0.2056874592 0.2209570572 
9.41330 0.03000 0.2051172644 0.2203796411 
9.41497 0.03000 0.2045478207 0.2198029856 
9.41664 0.03000 0.2039820328 0.2192300322 
9.41830 0.03000 0.2034183713 0.2186592322 
9.41996 0.03000 0.2028568765 0.2180906262 
9.42160 0.03000 0.2023082774 0.2175350793 
9.42325 0.03000 0.2017620777 0.2169819622 
9.42488 0.03000 0.2012179147 0.2164309076 
9.42651 0.03000 0.2006757971 0.2158819243 
9.42813 0.03000 0.2001356713 0.2153349579 
9.42975 0.03000 0.1995975768 0.2147900486 
9.43136 0.03000 0.1990614909 0.2142471734 
9.43297 0.03000 0.1985273907 0.2137063090 
9.43457 0.03000 0.1979952533 0.2131674323 
9.43616 0.03000 0.1974769616 0.2126425766 
9.43775 0.03000 0.1969626855 0.2121217874 
9.43933 0.03000 0.1964502732 0.2116028856 
9.44091 0.03000 0.1959246384 0.2110705938 
9.44248 0.03000 0.1954009088 0.2105402314 
9.44404 0.03000 0.1948790291 0.2100117422 
9.44560 0.03000 0.1943590384 0.2094851660 
9.44716 0.03000 0.1938409128 0.2089604785 
9.44870 0.03000 0.1933246280 0.2084376552 
9.45025 0.03000 0.1928101600 0.2079166717 
9.45178 0.03000 0.1922975477 0.2073975673 
9.45332 0.03000 0.1917867349 0.2068802852 
9.45484 0.03000 0.1912776971 0.2063648007 
9.45636 0.03000 0.1907704413 0.2058511207 
9.45788 0.03000 0.1902566264 0.2053307984 
9.45939 0.03000 0.1897313801 0.2047989001 
9.46090 0.03000 0.1892079493 0.2042688403 
9.46240 0.03000 0.1886863095 0.2037405940 
9.46389 0.03000 0.1881664358 0.2032141364 
9.46538 0.03000 0.1876483996 0.2026895394 
9.46686 0.03000 0.1877334962 0.2021667134 
9.46834 0.03000 0.1872186717 0.2016456327 
9.46982 0.03000 0.1867056751 0.2011264023 
9.47129 0.03000 0.1861943528 0.2006088664 
9.47275 0.03000 0.1856847758 0.2000930972 
9.47421 0.03000 0.1851768867 0.1995790362 
9.47567 0.03000 0.1846617975 0.1990576877 
9.47712 0.03000 0.1841430777 0.1985326644 
9.47857 0.03000 0.1836274261 0.1980107467 
9.48001 0.03000 0.1831134913 0.1974905666 
9.48144 0.03000 0.1826012476 0.1969720982 
9.48287 0.03000 0.1820992269 0.1964639770 
9.48430 0.03000 0.1816072050 0.1959659761 
9.48572 0.03000 0.1811167707 0.1954695821 
9.48714 0.03000 0.1806279954 0.1949748672 
9.48855 0.03000 0.1801407546 0.1944817055 
9.48996 0.03000 0.1802524133 0.1939901691 
9.49136 0.03000 0.1797681124 0.1935002311 
9.49276 0.03000 0.1792853318 0.1930118311 
9.49415 0.03000 0.1788163303 0.1925373706 
9.49554 0.03000 0.1783638175 0.1920795906 
9.49693 0.03000 0.1779127035 0.1916232259 
9.49831 0.03000 0.1774630922 0.1911683813 
9.49969 0.03000 0.1770148569 0.1907149286 
9.50106 0.03000 0.1765680353 0.1902629062 
9.50243 0.03000 0.1761226325 0.1898123190 
9.50379 0.03000 0.1756786200 0.1893631384 
9.50515 0.03000 0.1752360029 0.1889153694 
9.50650 0.03000 0.1747947859 0.1884690167 
9.50785 0.03000 0.1743549405 0.1880240517 
9.50920 0.03000 0.1739164383 0.1875804454 
9.51054 0.03000 0.1734792838 0.1871382026 
9.51188 0.03000 0.1730435149 0.1866973614 
9.51322 0.03000 0.1726090695 0.1862578593 
9.51455 0.03000 0.1721759523 0.1858197007 
9.51587 0.03000 0.1717441342 0.1853828564 
9.51719 0.03000 0.1713129176 0.1849466206 
9.51851 0.03000 0.1708827398 0.1845114356 
9.51983 0.03000 0.1704537718 0.1840774746 
9.52114 0.03000 0.1700261517 0.1836448772 
9.52244 0.03000 0.1695998170 0.1832135801 
9.52374 0.03000 0.1691747383 0.1827835536 
9.52504 0.03000 0.1687509533 0.1823548359 
9.52634 0.03000 0.1683283991 0.1819273632 
9.52763 0.03000 0.1679071132 0.1815011737 
9.52891 0.03000 0.1674857508 0.1810749068 
9.53020 0.03000 0.1670652574 0.1806495190 
9.53148 0.03000 0.1666449600 0.1802243294 
9.53275 0.03000 0.1662269569 0.1798014609 
9.53403 0.03000 0.1658167743 0.1793865040 
9.53529 0.03000 0.1654100632 0.1789750588 
9.53656 0.03000 0.1650045268 0.1785648021 
9.53782 0.03000 0.1646001350 0.1781557034 
9.53908 0.03000 0.1641969593 0.1777478349 
9.54033 0.03000 0.1637949355 0.1773411317 
9.54158 0.03000 0.1633940672 0.1769355974 
9.54282 0.03000 0.1629943239 0.1765312012 
9.54407 0.03000 0.1625957432 0.1761279811 
9.54531 0.03000 0.1621982945 0.1757259062 
9.54654 0.03000 0.1618019813 0.1753249800 
9.54777 0.03000 0.1614068071 0.1749252062 
9.54900 0.03000 0.1610127069 0.1745265188 
9.55023 0.03000 0.1600324287 0.1741290253 
9.55145 0.03000 0.1596407534 0.1737325904 
9.55267 0.03000 0.1592502303 0.1733373217 
9.55388 0.03000 0.1582739604 0.1729430835 
9.55509 0.03000 0.1578858109 0.1725500182 
9.55630 0.03000 0.1574986854 0.1721579899 
9.55751 0.03000 0.1565265138 0.1717671065 
9.55871 0.03000 0.1561417443 0.1713772666 
9.55990 0.03000 0.1557817559 0.1710125343 
9.56110 0.03000 0.1548419509 0.1706536815 
9.56229 0.03000 0.1544889291 0.1702958262 
9.56348 0.03000 0.1535515972 0.1699389360 
9.56466 0.03000 0.1532007293 0.1695830836 
9.56585 0.03000 0.1528507491 0.1692281316 
9.56702 0.03000 0.1519170335 0.1688741878 
9.56820 0.03000 0.1515691513 0.1685211845 
9.56937 0.03000 0.1512221985 0.1681691242 
9.57054 0.03000 0.1502919418 0.1678179744 
9.57171 0.03000 0.1499470651 0.1674678431 
9.57287 0.03000 0.1536900488 0.1671186273 
9.57403 0.03000 0.1486763077 0.1667702942 
9.57519 0.03000 0.1483267081 0.1664151877 
9.57634 0.03000 0.1519975681 0.1659965259 
9.57749 0.03000 0.1469185783 0.1655771419 
9.57864 0.03000 0.1465069717 0.1651588390 
9.57978 0.03000 0.1460954562 0.1647406289 
9.58092 0.03000 0.1503456496 0.1643245335 
9.58206 0.03000 0.1499356637 0.1639095654 
9.58320 0.03000 0.1489446860 0.1634956572 
9.58433 0.03000 0.1485370393 0.1630828478 
9.58546 0.03000 0.1481304460 0.1626711051 
9.58659 0.03000 0.1477249095 0.1622604327 
9.58771 0.03000 0.1473204331 0.1618508338 
9.58883 0.03000 0.1469169498 0.1614422404 
9.58995 0.03000 0.1465145331 0.1610347273 
9.59106 0.03000 0.1461131513 0.1606282621 
9.59218 0.03000 0.1457128075 0.1602228481 
9.59329 0.03000 0.1453135050 0.1598184886 
9.59439 0.03000 0.1449151762 0.1594151151 
9.59550 0.03000 0.1445178952 0.1590128027 
9.59660 0.03000 0.1441215941 0.1586114826 
9.59769 0.03000 0.1431468807 0.1582111579 
9.59879 0.03000 0.1427528196 0.1578119039 
9.59988 0.03000 0.1423642637 0.1574182276 
9.60097 0.03000 0.1419771706 0.1570260334 
9.60206 0.03000 0.1415910814 0.1566348564 
9.60314 0.03000 0.1412059635 0.1562446635 
9.60422 0.03000 0.1408217841 0.1558554214 
9.60530 0.03000 0.1404385462 0.1554671332 
9.60638 0.03000 0.1400562881 0.1550798378 
9.60745 0.03000 0.1396749772 0.1546935020 
9.60852 0.03000 0.1392946163 0.1543081287 
9.60959 0.03000 0.1389151364 0.1539236481 
9.61066 0.03000 0.1385366479 0.1535401719 
9.61172 0.03000 0.1381590459 0.1531575939 
9.61278 0.03000 0.1377812188 0.1527747879 
9.61384 0.03000 0.1374029505 0.1523915347 
9.61490 0.03000 0.1370256083 0.1520092200 
9.61595 0.03000 0.1366491591 0.1516278099 
9.61700 0.03000 0.1362736414 0.1512473437 
9.61805 0.03000 0.1358990219 0.1508677876 
9.61909 0.03000 0.1355414551 0.1505055088 
9.62013 0.03000 0.1351894120 0.1501488264 
9.62117 0.03000 0.1348382376 0.1497930243 
9.62221 0.03000 0.1344878982 0.1494380682 
9.62325 0.03000 0.1341374897 0.1490830420 
9.62428 0.03000 0.1343634059 0.1487297104 
9.62531 0.03000 0.1340154079 0.1483773052 
9.62634 0.03000 0.1336682181 0.1480257183 
9.62737 0.03000 0.1338959267 0.1476749151 
9.62839 0.03000 0.1335501846 0.1473249717 
9.62941 0.03000 0.1332052576 0.1469758532 
9.63043 0.03000 0.1328611115 0.1466275250 
9.63144 0.03000 0.1330912116 0.1462800263 
9.63246 0.03000 0.1327485331 0.1459333592 
9.63347 0.03000 0.1324066423 0.1455874889 
9.63448 0.03000 0.1320655412 0.1452424175 
9.63548 0.03000 0.1317252687 0.1448981843 
9.63649 0.03000 0.1296680259 0.1445546800 
9.63749 0.03000 0.1293297843 0.1442119811 
9.63849 0.03000 0.1295645606 0.1438700895 
9.63949 0.03000 0.1292173476 0.1435184792 
9.64048 0.03000 0.1288530870 0.1431496054 
9.64147 0.03000 0.1290612974 0.1427815360 
9.64246 0.03000 0.1286985178 0.1424143479 
9.64345 0.03000 0.1283365376 0.1420479689 
9.64444 0.03000 0.1279753591 0.1416824015 
9.64542 0.03000 0.1281859659 0.1413176851 
9.64640 0.03000 0.1278262897 0.1409538224 
9.64738 0.03000 0.1274673856 0.1405907408 
9.64836 0.03000 0.1271092928 0.1402284799 
9.64933 0.03000 0.1273222322 0.1398670421 
9.65031 0.03000 0.1269655515 0.1395063922 
9.65128 0.03000 0.1266140004 0.1391509290 
9.65224 0.03000 0.1262867470 0.1388200340 
9.65321 0.03000 0.1259602118 0.1384898652 
9.65417 0.03000 0.1256343967 0.1381604244 
9.65514 0.03000 0.1253093408 0.1378317513 
9.65610 0.03000 0.1255539705 0.1375037346 
9.65705 0.03000 0.1252301629 0.1371764892 
9.65801 0.03000 0.1084144752 0.1368499415 
9.65896 0.03000 0.1080968141 0.1365241310 
9.65991 0.03000 0.1077798367 0.1361990218 
9.66086 0.03000 0.1239419659 0.1358746157 
9.66181 0.03000 0.1236216651 0.1355509143 
9.66276 0.03000 0.1238691730 0.1352271232 
9.66370 0.03000 0.1235501104 0.1349048361 
9.66464 0.03000 0.1232317507 0.1345832590 
9.66558 0.03000 0.1064590635 0.1342623938 
9.66652 0.03000 0.1061760304 0.1339722486 
9.66745 0.03000 0.1059029052 0.1336922602 
9.66839 0.03000 0.1056303838 0.1334128909 
9.66932 0.03000 0.1053584304 0.1331341038 
9.67025 0.03000 0.1050870834 0.1328559383 
9.67117 0.03000 0.1048163440 0.1325783958 
9.67210 0.03000 0.1045461391 0.1323014010 
9.67302 0.03000 0.1042765070 0.1320249936 
9.67394 0.03000 0.1204260213 0.1317491746 
9.67486 0.03000 0.1201535456 0.1314739453 
9.67578 0.03000 0.1198816171 0.1311992686 
9.67669 0.03000 0.1196103127 0.1309252223 
9.67761 0.03000 0.1193395578 0.1306517312 
9.67852 0.03000 0.1190693915 0.1303788346 
9.67943 0.03000 0.1187997391 0.1301064571 
9.68033 0.03000 0.1185307157 0.1298347149 
9.68124 0.03000 0.1024404086 0.1295634940 
9.68214 0.03000 0.1021762478 0.1292928342 
9.68305 0.03000 0.1019126356 0.1290227363 
9.68395 0.03000 0.1016496106 0.1287532402 
9.68484 0.03000 0.1013814230 0.1284784544 
9.68574 0.03000 0.1011129527 0.1282033790 
9.68663 0.03000 0.1008451027 0.1279289391 
9.68753 0.03000 0.1005777235 0.1276549817 
9.68842 0.03000 0.1003109292 0.1273816235 
9.68931 0.03000 0.1000446833 0.1271088273 
9.69019 0.03000 0.0997789870 0.1268365941 
9.69108 0.03000 0.0995138037 0.1265648865 
9.69196 0.03000 0.0992492099 0.1262937830 
9.69285 0.03000 0.1153206355 0.1260232072 
9.69373 0.03000 0.1150531554 0.1257531605 
9.69460 0.03000 0.1147862004 0.1254836437 
9.69548 0.03000 0.1145198098 0.1252146969 
9.69635 0.03000 0.0984988674 0.1249483790 
9.69723 0.03000 0.0982447596 0.1246881529 
9.69810 0.03000 0.0979911448 0.1244284316 
9.69897 0.03000 0.0977374162 0.1241685938 
9.69984 0.03000 0.0974848659 0.1239099626 
9.70070 0.03000 0.0972328117 0.1236518394 
9.70157 0.03000 0.0969811783 0.1233941472 
9.70243 0.03000 0.1135856023 0.1231370429 
9.70329 0.03000 0.1133311910 0.1228804494 
9.70415 0.03000 0.1130772485 0.1226243289 
9.70501 0.03000 0.1128238146 0.1223687212 
9.70586 0.03000 0.1125708902 0.1221136274 
9.70672 0.03000 0.1123184763 0.1218590485 
9.70757 0.03000 0.1120664962 0.1216049071 
9.70842 0.03000 0.1118150674 0.1213513217 
9.70927 0.03000 0.1110033224 0.1210982541 
9.71012 0.03000 0.1107529699 0.1208456269 
9.71096 0.03000 0.1105031325 0.1205935194 
9.71181 0.03000 0.1102537722 0.1203418933 
9.71265 0.03000 0.1100048899 0.1200907496 
9.71349 0.03000 0.1097564866 0.1198400892 
9.71433 0.03000 0.1095085630 0.1195899129 
9.71517 0.03000 0.1092611593 0.1193402612 
9.71600 0.03000 0.1090141982 0.1190910561 
9.71684 0.03000 0.1087677197 0.1188423380 
9.71767 0.03000 0.1085216857 0.1185940685 
9.71850 0.03000 0.1082761360 0.1183462877 
9.71933 0.03000 0.1074717815 0.1180990359 
9.72016 0.03000 0.1072272876 0.1178521960 
9.72098 0.03000 0.1069832415 0.1176058079 
9.72181 0.03000 0.1067396830 0.1173599123 
9.72263 0.03000 0.1064612118 0.1170787689 
9.72345 0.03000 0.1061646903 0.1167794019 
9.72427 0.03000 0.1058687093 0.1164805808 
9.72509 0.03000 0.1055733094 0.1161823462 
9.72591 0.03000 0.1052784527 0.1158846601 
9.72673 0.03000 0.1049841404 0.1155875235 
9.72754 0.03000 0.1046903343 0.1152908982 
9.72835 0.03000 0.1043971539 0.1149949044 
9.72916 0.03000 0.1041045216 0.1146994640 
9.72997 0.03000 0.1038123601 0.1144044989 
9.73078 0.03000 0.1035208280 0.1141101693 
9.73159 0.03000 0.1032297690 0.1138163173 
9.73239 0.03000 0.1029584915 0.1135424366 
9.73320 0.03000 0.1027014233 0.1132829016 
9.73400 0.03000 0.1024449128 0.1130239297 
9.73480 0.03000 0.1021888427 0.1127654023 
9.73560 0.03000 0.1019332532 0.1125073602 
9.73640 0.03000 0.1016781058 0.1122497644 
9.73719 0.03000 0.1014234409 0.1119926558 
9.73799 0.03000 0.1011692596 0.1117360353 
9.73878 0.03000 0.1009155230 0.1114798639 
9.73957 0.03000 0.1006622718 0.1112241825 
9.74036 0.03000 0.1004094671 0.1109689519 
9.74115 0.03000 0.1001571496 0.1107142132 
9.74194 0.03000 0.0999052408 0.1104598870 
9.74272 0.03000 0.0996230247 0.1101749628 
9.74351 0.03000 0.0993401853 0.1098894093 
9.74429 0.03000 0.0990577575 0.1096042714 
9.74507 0.03000 0.0987759017 0.1093197108 
9.74585 0.03000 0.0962753185 0.1090356082 
9.74663 0.03000 0.0959950180 0.1087520450 
9.74741 0.03000 0.0962697636 0.1084690225 
9.74819 0.03000 0.0959903119 0.1081864611 
9.74896 0.03000 0.0957113573 0.1079044022 
9.74974 0.03000 0.0954329407 0.1076228875 
9.75051 0.03000 0.0951550234 0.1073418775 
9.75128 0.03000 0.0948775263 0.1070612924 
9.75205 0.03000 0.0946005706 0.1067812547 
9.75282 0.03000 0.0948776450 0.1065017251 
9.75358 0.03000 0.0946015155 0.1062226640 
9.75435 0.03000 0.0943258909 0.1059441132 
9.75511 0.03000 0.0940507320 0.1056660330 
9.75587 0.03000 0.0937760398 0.1053884245 
9.75663 0.03000 0.0935018959 0.1051113700 
9.75739 0.03000 0.0932281805 0.1048347487 
9.75815 0.03000 0.0929549350 0.1045586021 
9.75891 0.03000 0.0932346183 0.1042829722 
9.75967 0.03000 0.0929622181 0.1040078191 
9.76042 0.03000 0.0926902507 0.1037331032 
9.76117 0.03000 0.0924187574 0.1034588661 
9.76193 0.03000 0.0921477796 0.1031851498 
9.76268 0.03000 0.0918772375 0.1029118736 
9.76343 0.03000 0.0916064846 0.1026383844 
9.76418 0.03000 0.0913368974 0.1023660727 
9.76492 0.03000 0.0910677487 0.1020942040 
9.76567 0.03000 0.0913502671 0.1018228202 
9.76641 0.03000 0.0910819441 0.1015519223 
9.76716 0.03000 0.0908140221 0.1012814294 
9.76790 0.03000 0.0905466241 0.1010114655 
9.76864 0.03000 0.0902796290 0.1007419083 
9.76938 0.03000 0.0900131191 0.1004728410 
9.77011 0.03000 0.0897613858 0.1002186920 
9.77085 0.03000 0.0895613186 0.1000167050 
9.77159 0.03000 0.0893616473 0.0998151177 
9.77232 0.03000 0.0891622910 0.0996138484 
9.77305 0.03000 0.0889632910 0.0994129387 
9.77379 0.03000 0.0887646069 0.0992123480 
9.77452 0.03000 0.0885662392 0.0990120768 
9.77525 0.03000 0.0883482150 0.0987919605 
9.77597 0.03000 0.0880933390 0.0985346388 
9.77670 0.03000 0.0878388845 0.0982777425 
9.77743 0.03000 0.0875848932 0.0980213138 
9.77815 0.03000 0.0878804412 0.0977652711 
9.77887 0.03000 0.0876271691 0.0975096977 
9.77960 0.03000 0.0873742810 0.0972545118 
9.78032 0.03000 0.0871218188 0.0969997556 
9.78104 0.03000 0.0868697832 0.0967454299 
9.78175 0.03000 0.0866181751 0.0964915356 
9.78247 0.03000 0.0863669954 0.0962380736 
9.78319 0.03000 0.0861162037 0.0959850031 
9.78390 0.03000 0.0858658007 0.0957323249 
9.78462 0.03000 0.0856337415 0.0954981571 
9.78533 0.03000 0.0854408193 0.0953034820 
9.78604 0.03000 0.0852481404 0.0951090523 
9.78675 0.03000 0.0850558287 0.0949149932 
9.78746 0.03000 0.0848638022 0.0947212219 
9.78817 0.03000 0.0846721028 0.0945277807 
9.78887 0.03000 0.0844806896 0.0943346282 
9.78958 0.03000 0.0842896042 0.0941418066 
9.79028 0.03000 0.0840988473 0.0939493164 
9.79099 0.03000 0.0839083778 0.0937571162 
9.79169 0.03000 0.0837181963 0.0935652067 
9.79239 0.03000 0.0835278893 0.0933731705 
9.79309 0.03000 0.0833383675 0.0931819266 
9.79379 0.03000 0.0831490935 0.0929909328 
9.79449 0.03000 0.0829601921 0.0928003150 
9.79518 0.03000 0.0827715393 0.0926099480 
9.79588 0.03000 0.0825832185 0.0924199161 
9.79657 0.03000 0.0823951887 0.0922301778 
9.79727 0.03000 0.0822074502 0.0920407335 
9.79796 0.03000 0.0820200036 0.0918515836 
9.79865 0.03000 0.0818329322 0.0916628125 
9.79934 0.03000 0.0816460704 0.0914742528 
9.80003 0.03000 0.0814595017 0.0912859889 
9.80072 0.03000 0.0812733097 0.0910981050 
9.80140 0.03000 0.0810873284 0.0909104338 
9.80209 0.03000 0.0809016830 0.0907231016 
9.80277 0.03000 0.0807163323 0.0905360668 
9.80346 0.03000 0.0805312352 0.0903492878 
9.80414 0.03000 0.0803464753 0.0901628491 
9.80482 0.03000 0.0801620114 0.0899767091 
9.80550 0.03000 0.0799777604 0.0897907839 
9.80618 0.03000 0.0797938897 0.0896052425 
9.80686 0.03000 0.0796102327 0.0894199168 
9.80753 0.03000 0.0794269151 0.0892349335 
9.80821 0.03000 0.0792438537 0.0890502087 
9.80888 0.03000 0.0790610907 0.0888657851 
9.80956 0.03000 0.0788786265 0.0886816630 
9.81023 0.03000 0.0786964197 0.0884978006 
9.81090 0.03000 0.0785145126 0.0883142406 
9.81157 0.03000 0.0783328635 0.0881309411 
9.81224 0.03000 0.0781515149 0.0879479447 
9.81291 0.03000 0.0779703833 0.0877651672 
9.81358 0.03000 0.0777895948 0.0875827360 
9.81425 0.03000 0.0776091078 0.0874006091 
9.81491 0.03000 0.0774288390 0.0872187022 
9.81558 0.03000 0.0772488725 0.0870371005 
9.81624 0.03000 0.0770691667 0.0868557619 
9.81690 0.03000 0.0768897642 0.0866747292 
9.81756 0.03000 0.0767105810 0.0864939180 
9.81822 0.03000 0.0765317018 0.0863134134 
9.81888 0.03000 0.0763531269 0.0861332159 
9.81954 0.03000 0.0761743516 0.0859528161 
9.82020 0.03000 0.0759962599 0.0857731063 
9.82086 0.03000 0.0758184737 0.0855937047 
9.82151 0.03000 0.0756409512 0.0854145692 
9.82217 0.03000 0.0754636928 0.0852357001 
9.82282 0.03000 0.0752866987 0.0850570978 
9.82347 0.03000 0.0751099272 0.0848787201 
9.82413 0.03000 0.0749335053 0.0847006951 
9.82478 0.03000 0.0747573066 0.0845228954 
9.82543 0.03000 0.0745813737 0.0843453640 
9.82607 0.03000 0.0744057070 0.0841681012 
9.82672 0.03000 0.0742303069 0.0839911073 
9.82737 0.03000 0.0740551314 0.0838143400 
9.82801 0.03000 0.0738802231 0.0836378424 
9.82866 0.03000 0.0737056247 0.0834616576 
9.82930 0.03000 0.0735312518 0.0832857004 
9.82995 0.03000 0.0733571473 0.0831100139 
9.83059 0.03000 0.0731833114 0.0829345984 
9.83123 0.03000 0.0730097021 0.0827594117 
9.83187 0.03000 0.0728363621 0.0825844967 
9.83251 0.03000 0.0726585811 0.0824051003 
9.83315 0.03000 0.0724748677 0.0822197176 
9.83378 0.03000 0.0722913731 0.0820345557 
9.83442 0.03000 0.0721081827 0.0818497008 
9.83506 0.03000 0.0724662725 0.0816650245 
9.83569 0.03000 0.0722835143 0.0814806989 
9.83632 0.03000 0.0721042544 0.0812999014 
9.83696 0.03000 0.0719310947 0.0811252564 
9.83759 0.03000 0.0717582487 0.0809509279 
9.83822 0.03000 0.0715856317 0.0807768303 
9.83885 0.03000 0.0714132439 0.0806029639 
9.83948 0.03000 0.0712411283 0.0804293721 
9.84010 0.03000 0.0710691999 0.0802559690 
9.84073 0.03000 0.0709056976 0.0800910643 
9.84136 0.03000 0.0707447807 0.0799287672 
9.84198 0.03000 0.0705841027 0.0797667111 
9.84261 0.03000 0.0704236639 0.0796048962 
9.84323 0.03000 0.0702634219 0.0794432797 
9.84385 0.03000 0.0701034195 0.0792819049 
9.84448 0.03000 0.0699436571 0.0791207722 
9.84510 0.03000 0.0697837498 0.0789594934 
9.84572 0.03000 0.0696244254 0.0787988024 
9.84634 0.03000 0.0694653846 0.0786383974 
9.84696 0.03000 0.0693065420 0.0784781925 
9.84757 0.03000 0.0691478552 0.0783181446 
9.84819 0.03000 0.0689894958 0.0781584269 
9.84880 0.03000 0.0688312926 0.0779988668 
9.84942 0.03000 0.0686733316 0.0778395509 
9.85003 0.03000 0.0685156132 0.0776804797 
9.85065 0.03000 0.0683580945 0.0775216100 
9.85126 0.03000 0.0682008189 0.0773629854 
9.85187 0.03000 0.0680437437 0.0772045629 
9.85248 0.03000 0.0678869551 0.0770464295 
9.85309 0.03000 0.0677302813 0.0768884119 
9.85370 0.03000 0.0675738947 0.0767306839 
9.85431 0.03000 0.0674177095 0.0765731591 
9.85491 0.03000 0.0672617689 0.0764158810 
9.85552 0.03000 0.0671059872 0.0762587631 
9.85612 0.03000 0.0669504507 0.0761018925 
9.85673 0.03000 0.0667951596 0.0759452695 
9.85733 0.03000 0.0666400281 0.0757888073 
9.85793 0.03000 0.0664851857 0.0756326368 
9.85854 0.03000 0.0663305033 0.0754766277 
9.85914 0.03000 0.0661760242 0.0753208236 
9.85974 0.03000 0.0660218351 0.0751653120 
9.86034 0.03000 0.0658677636 0.0750099189 
9.86094 0.03000 0.0657139825 0.0748548188 
9.86153 0.03000 0.0655603193 0.0746998377 
9.86213 0.03000 0.0654069473 0.0745451501 
9.86273 0.03000 0.0652537800 0.0743906691 
9.86332 0.03000 0.0651008178 0.0742363950 
9.86392 0.03000 0.0649480610 0.0740823279 
9.86451 0.03000 0.0647955098 0.0739284682 
9.86510 0.03000 0.0646431210 0.0737747724 
9.86569 0.03000 0.0644909816 0.0736213281 
9.86629 0.03000 0.0643390485 0.0734680918 
9.86688 0.03000 0.0641873219 0.0733150638 
9.86747 0.03000 0.0640358454 0.0731622881 
9.86805 0.03000 0.0638844892 0.0730096337 
9.86864 0.03000 0.0637334270 0.0728572758 
9.86923 0.03000 0.0635820947 0.0727046454 
9.86982 0.03000 0.0634314041 0.0725526624 
9.87040 0.03000 0.0632809215 0.0724008890 
9.87099 0.03000 0.0631306470 0.0722493256 
9.87157 0.03000 0.0629805375 0.0720979286 
9.87216 0.03000 0.0628306366 0.0719467420 
9.87274 0.03000 0.0626809446 0.0717957660 
9.87332 0.03000 0.0625314616 0.0716450009 
9.87390 0.03000 0.0623821880 0.0714944470 
9.87448 0.03000 0.0622330804 0.0713440604 
9.87506 0.03000 0.0620841826 0.0711938855 
9.87564 0.03000 0.0619354948 0.0710439224 
9.87622 0.03000 0.0617870172 0.0708941712 
9.87679 0.03000 0.0616387065 0.0707445884 
9.87737 0.03000 0.0614906065 0.0705952181 
9.87795 0.03000 0.0613427174 0.0704460606 
9.87852 0.03000 0.0611949958 0.0702970719 
9.87910 0.03000 0.0610474855 0.0701482964 
9.87967 0.03000 0.0609001432 0.0699996903 
9.88024 0.03000 0.0607530563 0.0698513418 
9.88081 0.03000 0.0606061378 0.0697031632 
9.88138 0.03000 0.0609944329 0.0695551545 
9.88195 0.03000 0.0608478215 0.0694073601 
9.88252 0.03000 0.0607013790 0.0692597361 
9.88309 0.03000 0.0605551496 0.0691123268 
9.88366 0.03000 0.0604090896 0.0689650883 
9.88423 0.03000 0.0602632431 0.0688180651 
9.88479 0.03000 0.0601176103 0.0686712572 
9.88536 0.03000 0.0599721037 0.0685245765 
9.88593 0.03000 0.0598268111 0.0683781117 
9.88649 0.03000 0.0596817329 0.0682318629 
9.88705 0.03000 0.0595367815 0.0680857419 
9.88762 0.03000 0.0593921326 0.0679399259 
9.88818 0.03000 0.0592475669 0.0677941938 
9.88874 0.03000 0.0591032164 0.0676486786 
9.88930 0.03000 0.0589590813 0.0675033805 
9.88986 0.03000 0.0588151179 0.0673582555 
9.89042 0.03000 0.0586713263 0.0672133037 
9.89098 0.03000 0.0585277068 0.0670685254 
9.89154 0.03000 0.0583843035 0.0669239650 
9.89209 0.03000 0.0582406763 0.0667791789 
9.89265 0.03000 0.0580976619 0.0666350107 
9.89321 0.03000 0.0579548205 0.0664910167 
9.89376 0.03000 0.0578159430 0.0663510187 
9.89432 0.03000 0.0576804602 0.0662144428 
9.89487 0.03000 0.0575451554 0.0660780462 
9.89542 0.03000 0.0574100286 0.0659418291 
9.89597 0.03000 0.0572750360 0.0658057473 
9.89653 0.03000 0.0571402218 0.0656698453 
9.89708 0.03000 0.0570056304 0.0655341680 
9.89763 0.03000 0.0568711736 0.0653986264 
9.89818 0.03000 0.0567368517 0.0652632206 
9.89872 0.03000 0.0566027531 0.0651280400 
9.89927 0.03000 0.0559360709 0.0649930403 
9.89982 0.03000 0.0558023544 0.0648581768 
9.90037 0.03000 0.0556688175 0.0647234945 
9.90091 0.03000 0.0555354161 0.0645889489 
9.90146 0.03000 0.0553967959 0.0644491397 
9.90200 0.03000 0.0552577326 0.0643088837 
9.90255 0.03000 0.0551188901 0.0641688503 
9.90309 0.03000 0.0549802243 0.0640289951 
9.90363 0.03000 0.0548416910 0.0638892736 
9.90417 0.03000 0.0547033348 0.0637497307 
9.90471 0.03000 0.0545651558 0.0636103665 
9.90526 0.03000 0.0544271542 0.0634711813 
9.90580 0.03000 0.0542892859 0.0633321304 
9.90633 0.03000 0.0541516396 0.0631933035 
9.90687 0.03000 0.0540141713 0.0630546562 
9.90741 0.03000 0.0538768368 0.0629161437 
9.90795 0.03000 0.0537396806 0.0627778110 
9.90848 0.03000 0.0536027028 0.0626396584 
9.90902 0.03000 0.0534601250 0.0624958576 
9.90955 0.03000 0.0533143429 0.0623488251 
9.91009 0.03000 0.0531686448 0.0622018774 
9.91062 0.03000 0.0530231644 0.0620551492 
9.91116 0.03000 0.0528778574 0.0619085958 
9.91169 0.03000 0.0527327240 0.0617622176 
9.91222 0.03000 0.0525877643 0.0616160145 
9.91275 0.03000 0.0524429786 0.0614699870 
9.91328 0.03000 0.0522984117 0.0613241801 
9.91381 0.03000 0.0521536178 0.0611781443 
9.91434 0.03000 0.0520093551 0.0610326442 
9.91487 0.03000 0.0518652671 0.0608873203 
9.91540 0.03000 0.0517213540 0.0607421729 
9.91593 0.03000 0.0515777053 0.0605972921 
9.91645 0.03000 0.0514341427 0.0604524981 
9.91698 0.03000 0.0512907556 0.0603078812 
9.91751 0.03000 0.0511475889 0.0601634865 
9.91803 0.03000 0.0510045087 0.0600191790 
9.91855 0.03000 0.0508616940 0.0598751394 
9.91908 0.03000 0.0507190108 0.0597312323 
9.91960 0.03000 0.0505764593 0.0595874582 
9.92012 0.03000 0.0504341292 0.0594439073 
9.92064 0.03000 0.0502919760 0.0593005348 
9.92117 0.03000 0.0501499549 0.0591572956 
9.92169 0.03000 0.0500081559 0.0590142804 
9.92221 0.03000 0.0498665344 0.0588714441 
9.92272 0.03000 0.0497250007 0.0587286965 
9.92324 0.03000 0.0495836896 0.0585861733 
9.92376 0.03000 0.0494425565 0.0584438297 
9.92428 0.03000 0.0493015566 0.0583016204 
9.92480 0.03000 0.0491607350 0.0581595910 
9.92531 0.03000 0.0490200919 0.0580177416 
9.92583 0.03000 0.0488796276 0.0578760724 
9.92634 0.03000 0.0487393421 0.0577345836 
9.92686 0.03000 0.0485991906 0.0575932301 
9.92737 0.03000 0.0484592184 0.0574520574 
9.92788 0.03000 0.0483193807 0.0573110202 
9.92839 0.03000 0.0481797225 0.0571701641 
9.92891 0.03000 0.0480402441 0.0570294894 
9.92942 0.03000 0.0479009006 0.0568889507 
9.92993 0.03000 0.0477617372 0.0567485937 
9.93044 0.03000 0.0476227541 0.0566084185 
9.93095 0.03000 0.0474839516 0.0564684254 
9.93146 0.03000 0.0473452395 0.0563285236 
9.93196 0.03000 0.0472067533 0.0561888496 
9.93247 0.03000 0.0470684031 0.0560493127 
9.93298 0.03000 0.0469302340 0.0559099585 
9.93349 0.03000 0.0467922011 0.0557707417 
9.93399 0.03000 0.0466543047 0.0556316625 
9.93450 0.03000 0.0465162737 0.0554924476 
9.93500 0.03000 0.0463786956 0.0553536894 
9.93551 0.03000 0.0462412090 0.0552150236 
9.93601 0.03000 0.0461039499 0.0550765872 
9.93651 0.03000 0.0459667827 0.0549382435 
9.93702 0.03000 0.0458297981 0.0548000839 
9.93752 0.03000 0.0456929961 0.0546621086 
9.93802 0.03000 0.0455563318 0.0545242721 
9.93852 0.03000 0.0454198505 0.0543866202 
9.93902 0.03000 0.0452835072 0.0542491074 
9.93952 0.03000 0.0451473472 0.0541117796 
9.94002 0.03000 0.0450112802 0.0539745455 
9.94052 0.03000 0.0454025793 0.0538374968 
9.94102 0.03000 0.0452668115 0.0537006335 
9.94151 0.03000 0.0451311371 0.0535638643 
9.94201 0.03000 0.0449956924 0.0534273268 
9.94251 0.03000 0.0448603868 0.0532909295 
9.94300 0.03000 0.0447252205 0.0531546726 
9.94350 0.03000 0.0445901935 0.0530185562 
9.94399 0.03000 0.0444553516 0.0528826263 
9.94449 0.03000 0.0443206494 0.0527468372 
9.94498 0.03000 0.0441860871 0.0526111892 
9.94547 0.03000 0.0440517103 0.0524757281 
9.94597 0.03000 0.0439174737 0.0523404084 
9.94646 0.03000 0.0437833774 0.0522052302 
9.94695 0.03000 0.0436494215 0.0520701935 
9.94744 0.03000 0.0435156063 0.0519352986 
9.94793 0.03000 0.0433819774 0.0518005915 
9.94842 0.03000 0.0432484895 0.0516660264 
9.94891 0.03000 0.0431151426 0.0515316037 
9.94940 0.03000 0.0429819369 0.0513973232 
9.94988 0.03000 0.0428489183 0.0512632313 
9.95037 0.03000 0.0427160411 0.0511292820 
9.95086 0.03000 0.0425832600 0.0509954295 
9.95134 0.03000 0.0424506663 0.0508617660 
9.95183 0.03000 0.0423182146 0.0507282456 
9.95232 0.03000 0.0421859507 0.0505949145 
9.95280 0.03000 0.0420564811 0.0504644002 
9.95328 0.03000 0.0419281617 0.0503350455 
9.95377 0.03000 0.0417999871 0.0502058367 
9.95429 0.03000 0.0416614315 0.0500661631 
9.95477 0.03000 0.0415335437 0.0499372435 
9.95526 0.03000 0.0414058011 0.0498084702 
9.95574 0.03000 0.0412781580 0.0496797972 
9.95622 0.03000 0.0411506605 0.0495512709 
9.95670 0.03000 0.0410233543 0.0494229376 
9.95718 0.03000 0.0408961480 0.0492947049 
9.95766 0.03000 0.0407690876 0.0491666193 
9.95814 0.03000 0.0406422191 0.0490387272 
9.95861 0.03000 0.0405154050 0.0489108899 
9.95909 0.03000 0.0403880028 0.0487824597 
9.95957 0.03000 0.0402571651 0.0486505663 
9.96005 0.03000 0.0401263796 0.0485187256 
9.96052 0.03000 0.0399957841 0.0483870763 
9.96100 0.03000 0.0398653328 0.0482555725 
9.96147 0.03000 0.0397349799 0.0481241678 
9.96195 0.03000 0.0396047715 0.0479929088 
9.96242 0.03000 0.0394747537 0.0478618419 
9.96289 0.03000 0.0393448807 0.0477309211 
9.96337 0.03000 0.0392151066 0.0476000999 
9.96384 0.03000 0.0390854776 0.0474694250 
9.96431 0.03000 0.0389560399 0.0473389429 
9.96478 0.03000 0.0388266553 0.0472085144 
9.96525 0.03000 0.0386975084 0.0470783254 
9.96572 0.03000 0.0385684611 0.0469482369 
9.96619 0.03000 0.0384395134 0.0468182487 
9.96666 0.03000 0.0383107577 0.0466884542 
9.96713 0.03000 0.0381821481 0.0465588069 
9.96760 0.03000 0.0380536385 0.0464292604 
9.96807 0.03000 0.0379252752 0.0462998614 
9.96854 0.03000 0.0377970584 0.0461706101 
9.96900 0.03000 0.0376689420 0.0460414600 
9.96947 0.03000 0.0375410185 0.0459125043 
9.96994 0.03000 0.0374132419 0.0457836967 
9.97040 0.03000 0.0372855199 0.0456549441 
9.97087 0.03000 0.0371579912 0.0455263865 
9.97133 0.03000 0.0370306097 0.0453979772 
9.97179 0.03000 0.0369033758 0.0452697167 
9.97226 0.03000 0.0367762430 0.0451415582 
9.97272 0.03000 0.0366492580 0.0450135485 
9.97322 0.03000 0.0365119998 0.0448751829 
9.97368 0.03000 0.0363852611 0.0447474216 
9.97414 0.03000 0.0362586706 0.0446198096 
9.97460 0.03000 0.0361322746 0.0444923938 
9.97506 0.03000 0.0360059806 0.0443650808 
9.97552 0.03000 0.0358797423 0.0442378239 
9.97598 0.03000 0.0357537454 0.0441108104 
9.97644 0.03000 0.0356278509 0.0439839002 
9.97690 0.03000 0.0355020589 0.0438570932 
9.97736 0.03000 0.0353764159 0.0437304364 
9.97782 0.03000 0.0352509220 0.0436039300 
9.97827 0.03000 0.0351255774 0.0434775740 
9.97873 0.03000 0.0350002894 0.0433512751 
9.97919 0.03000 0.0348751973 0.0432251737 
9.97964 0.03000 0.0347502084 0.0430991763 
9.98010 0.03000 0.0346237877 0.0429717355 
9.98055 0.03000 0.0344971902 0.0428441166 
9.98101 0.03000 0.0343706486 0.0427165540 
9.98146 0.03000 0.0342443027 0.0425891886 
9.98191 0.03000 0.0341181060 0.0424619737 
9.98237 0.03000 0.0339920121 0.0423348624 
9.98282 0.03000 0.0338660676 0.0422079018 
9.98327 0.03000 0.0337402262 0.0420810450 
9.98372 0.03000 0.0336145345 0.0419543392 
9.98417 0.03000 0.0334889927 0.0418277844 
9.98462 0.03000 0.0333635543 0.0417013339 
9.98507 0.03000 0.0332382660 0.0415750347 
9.98552 0.03000 0.0331130814 0.0414488399 
9.98597 0.03000 0.0329880471 0.0413227968 
9.98642 0.03000 0.0328631166 0.0411968584 
9.98687 0.03000 0.0327383369 0.0410710718 
9.98731 0.03000 0.0326136611 0.0409453901 
9.98776 0.03000 0.0324891363 0.0408198606 
9.98821 0.03000 0.0323647625 0.0406944832 
9.98865 0.03000 0.0322404932 0.0405692112 
9.98910 0.03000 0.0321162815 0.0404439974 
9.98955 0.03000 0.0319923149 0.0403190305 
9.98999 0.03000 0.0318684063 0.0401941221 
9.99044 0.03000 0.0317446961 0.0400694138 
9.99088 0.03000 0.0316209972 0.0399447168 
9.99136 0.03000 0.0314873757 0.0398100171 
9.99180 0.03000 0.0313640248 0.0396856710 
9.99224 0.03000 0.0312407792 0.0395614310 
9.99269 0.03000 0.0311176391 0.0394372973 
9.99313 0.03000 0.0309946044 0.0393132699 
9.99357 0.03000 0.0308717693 0.0391894437 
9.99401 0.03000 0.0307489930 0.0390656768 
9.99445 0.03000 0.0306264165 0.0389421112 
9.99489 0.03000 0.0305038990 0.0388186052 
9.99533 0.03000 0.0303814876 0.0386952061 
9.99577 0.03000 0.0302592764 0.0385720088 
9.99621 0.03000 0.0301371245 0.0384488714 
9.99665 0.03000 0.0300151261 0.0383258886 
9.99708 0.03000 0.0298932341 0.0382030131 
9.99752 0.03000 0.0297714959 0.0380802926 
9.99796 0.03000 0.0296498174 0.0379576324 
9.99839 0.03000 0.0295282928 0.0378351272 
9.99883 0.03000 0.0294069223 0.0377127774 
9.99926 0.03000 0.0292856588 0.0375905356 
9.99970 0.03000 0.0291645026 0.0374684018 
10.00013 0.03000 0.0290434536 0.0373463761 
10.00057 0.03000 0.0289225592 0.0372245062 
10.00100 0.03000 0.0288017723 0.0371027448 
10.00144 0.03000 0.0286811402 0.0369811393 
10.00187 0.03000 0.0285605687 0.0368595949 
10.00230 0.03000 0.0284401521 0.0367382068 
10.00273 0.03000 0.0283198435 0.0366169275 
10.00316 0.03000 0.0281996430 0.0364957571 
10.00360 0.03000 0.0280795979 0.0363747434 
10.00403 0.03000 0.0279596610 0.0362538388 
10.00446 0.03000 0.0278398325 0.0361330434 
10.00489 0.03000 0.0277200652 0.0360123098 
10.00532 0.03000 0.0276005010 0.0358917809 
10.00574 0.03000 0.0274810455 0.0357713616 
10.00617 0.03000 0.0273616515 0.0356510042 
10.00660 0.03000 0.0272424137 0.0355308043 
10.00703 0.03000 0.0271233322 0.0354107620 
10.00746 0.03000 0.0270043125 0.0352907820 
10.00788 0.03000 0.0268854021 0.0351709121 
10.00831 0.03000 0.0267666482 0.0350512001 
10.00877 0.03000 0.0266382417 0.0349217575 
10.00920 0.03000 0.0265197041 0.0348022635 
10.00962 0.03000 0.0264012762 0.0346828800 
10.01005 0.03000 0.0262830054 0.0345636549 
10.01047 0.03000 0.0261647970 0.0344444928 
10.01089 0.03000 0.0260467460 0.0343254892 
10.01132 0.03000 0.0259295170 0.0342073144 
10.01174 0.03000 0.0258138230 0.0340906870 
10.01216 0.03000 0.0256982404 0.0339741717 
10.01259 0.03000 0.0255827218 0.0338577211 
10.01301 0.03000 0.0254673623 0.0337414308 
10.01343 0.03000 0.0253520669 0.0336252052 
10.01385 0.03000 0.0252369309 0.0335091401 
10.01427 0.03000 0.0251219067 0.0333931879 
10.01469 0.03000 0.0250069946 0.0332773485 
10.01511 0.03000 0.0248921469 0.0331615742 
10.01553 0.03000 0.0247774590 0.0330459609 
10.01595 0.03000 0.0246628358 0.0329304129 
10.01637 0.03000 0.0245483725 0.0328150261 
10.01679 0.03000 0.0244338312 0.0326995606 
10.01720 0.03000 0.0243182113 0.0325830077 
10.01762 0.03000 0.0242027509 0.0324666158 
10.01804 0.03000 0.0240874026 0.0323503368 
10.01846 0.03000 0.0239721188 0.0322341228 
10.01887 0.03000 0.0238569949 0.0321180700 
10.01929 0.03000 0.0237419356 0.0320020824 
10.01970 0.03000 0.0236270365 0.0318862562 
10.02012 0.03000 0.0235121545 0.0317704472 
10.02053 0.03000 0.0233974806 0.0316548480 
10.02095 0.03000 0.0232828716 0.0315393144 
10.02136 0.03000 0.0231683755 0.0314238944 
10.02177 0.03000 0.0230539923 0.0313085883 
10.02219 0.03000 0.0229397221 0.0311933961 
10.02260 0.03000 0.0233413621 0.0310783180 
10.02301 0.03000 0.0232272608 0.0309633540 
10.02342 0.03000 0.0231132249 0.0308484559 
10.02384 0.03000 0.0229993504 0.0307337204 
10.02425 0.03000 0.0228855415 0.0306190511 
10.02466 0.03000 0.0227718942 0.0305045446 
10.02507 0.03000 0.0226582648 0.0303900561 
10.02551 0.03000 0.0225354999 0.0302663631 
10.02592 0.03000 0.0224221917 0.0301521981 
10.02633 0.03000 0.0223089495 0.0300380999 
10.02674 0.03000 0.0221958215 0.0299241166 
10.02715 0.03000 0.0220828078 0.0298102483 
10.02755 0.03000 0.0219698123 0.0296963986 
10.02796 0.03000 0.0218569793 0.0295827125 
10.02837 0.03000 0.0217443087 0.0294691901 
10.02878 0.03000 0.0216316567 0.0293556864 
10.02918 0.03000 0.0215191674 0.0292423466 
10.02959 0.03000 0.0214067930 0.0291291225 
10.02999 0.03000 0.0212944853 0.0290159658 
10.03040 0.03000 0.0211823406 0.0289029732 
10.03080 0.03000 0.0210702149 0.0287899997 
10.03121 0.03000 0.0209582523 0.0286771907 
10.03161 0.03000 0.0208464051 0.0285644979 
10.03202 0.03000 0.0207345769 0.0284518242 
10.03242 0.03000 0.0206229123 0.0283393153 
10.03282 0.03000 0.0205113631 0.0282269228 
10.03323 0.03000 0.0203998814 0.0281145983 
10.03363 0.03000 0.0202885636 0.0280024389 
10.03403 0.03000 0.0201772652 0.0278902990 
10.03443 0.03000 0.0200661309 0.0277783244 
10.03483 0.03000 0.0199551125 0.0276664667 
10.03523 0.03000 0.0198441620 0.0275546773 
10.03563 0.03000 0.0197332794 0.0274429564 
10.03603 0.03000 0.0196225612 0.0273314012 
10.03643 0.03000 0.0195119112 0.0272199145 
10.03683 0.03000 0.0194013775 0.0271085452 
10.03723 0.03000 0.0192909604 0.0269972932 
10.03763 0.03000 0.0191806115 0.0268861101 
10.03803 0.03000 0.0190703794 0.0267750445 
10.03843 0.03000 0.0189602640 0.0266640966 
10.03882 0.03000 0.0188502171 0.0265532178 
10.03922 0.03000 0.0187402872 0.0264424567 
10.03962 0.03000 0.0186304743 0.0263318136 
10.04002 0.03000 0.0185207302 0.0262212398 
10.04041 0.03000 0.0184111033 0.0261107840 
10.04081 0.03000 0.0183015453 0.0260003977 
10.04120 0.03000 0.0181921531 0.0258901784 
10.04163 0.03000 0.0180738233 0.0257709540 
10.04202 0.03000 0.0179646154 0.0256609205 
10.04242 0.03000 0.0178554768 0.0255509567 
10.04281 0.03000 0.0177464559 0.0254411116 
10.04321 0.03000 0.0176375528 0.0253313851 
10.04360 0.03000 0.0175287192 0.0252217287 
10.04399 0.03000 0.0174199551 0.0251121423 
10.04438 0.03000 0.0173113576 0.0250027237 
10.04478 0.03000 0.0172028297 0.0248933753 
10.04517 0.03000 0.0170943716 0.0247840972 
10.04556 0.03000 0.0169860318 0.0246749383 
10.04595 0.03000 0.0168777619 0.0245658499 
10.04634 0.03000 0.0167696105 0.0244568808 
10.04673 0.03000 0.0166615777 0.0243480312 
10.04712 0.03000 0.0165536151 0.0242392523 
10.04751 0.03000 0.0164457711 0.0241305930 
10.04790 0.03000 0.0163380461 0.0240220535 
10.04829 0.03000 0.0162303913 0.0239135848 
10.04868 0.03000 0.0161228557 0.0238052361 
10.04907 0.03000 0.0160153418 0.0236969094 
10.04945 0.03000 0.0159079958 0.0235887518 
10.04984 0.03000 0.0158007204 0.0234806653 
10.05023 0.03000 0.0156935156 0.0233726501 
10.05062 0.03000 0.0155864304 0.0232647552 
10.05100 0.03000 0.0154794646 0.0231569807 
10.05139 0.03000 0.0153725697 0.0230492777 
10.05177 0.03000 0.0152657946 0.0229416952 
10.05216 0.03000 0.0151590417 0.0228341353 
10.05254 0.03000 0.0150524575 0.0227267452 
10.05293 0.03000 0.0149459932 0.0226194760 
10.05331 0.03000 0.0148380878 0.0225107548 
10.05370 0.03000 0.0147302529 0.0224021046 
10.05408 0.03000 0.0146225375 0.0222935749 
10.05447 0.03000 0.0145149905 0.0221852148 
10.05485 0.03000 0.0144074167 0.0220768276 
10.05523 0.03000 0.0143000114 0.0219686102 
10.05561 0.03000 0.0141926770 0.0218604644 
10.05600 0.03000 0.0140854625 0.0217524393 
10.05638 0.03000 0.0139783191 0.0216444858 
10.05676 0.03000 0.0138712958 0.0215366534 
10.05717 0.03000 0.0137555399 0.0214200223 
10.05755 0.03000 0.0136487058 0.0213123805 
10.05793 0.03000 0.0135419921 0.0212048600 
10.05831 0.03000 0.0134352519 0.0210973128 
10.05869 0.03000 0.0133287301 0.0209899856 
10.05907 0.03000 0.0132222309 0.0208826813 
10.05945 0.03000 0.0131158524 0.0207754985 
10.05983 0.03000 0.0130095946 0.0206684373 
10.06021 0.03000 0.0129033596 0.0205613991 
10.06059 0.03000 0.0127972945 0.0204545321 
10.06096 0.03000 0.0126912523 0.0203476881 
10.06134 0.03000 0.0125853311 0.0202409662 
10.06172 0.03000 0.0124794820 0.0201343168 
10.06210 0.03000 0.0123737542 0.0200277896 
10.06247 0.03000 0.0122680985 0.0199213351 
10.06285 0.03000 0.0121625642 0.0198150030 
10.06322 0.03000 0.0120571023 0.0197087437 
10.06360 0.03000 0.0119517128 0.0196025574 
10.06397 0.03000 0.0118464449 0.0194964936 
10.06435 0.03000 0.0117412496 0.0193905030 
10.06472 0.03000 0.0116361760 0.0192846350 
10.06510 0.03000 0.0115311752 0.0191788403 
10.06547 0.03000 0.0114261979 0.0190730694 
10.06584 0.03000 0.0113213919 0.0189674709 
10.06622 0.03000 0.0112167079 0.0188619955 
10.06659 0.03000 0.0111119985 0.0187564945 
10.06696 0.03000 0.0110074605 0.0186511661 
10.06734 0.03000 0.0109029957 0.0185459115 
10.06771 0.03000 0.0107986040 0.0184407306 
10.06808 0.03000 0.0106943348 0.0183356731 
10.06845 0.03000 0.0105901390 0.0182306894 
10.06882 0.03000 0.0104860165 0.0181257797 
10.06919 0.03000 0.0103820168 0.0180209937 
10.06956 0.03000 0.0102780905 0.0179162817 
10.06993 0.03000 0.0101742378 0.0178116438 
10.07030 0.03000 0.0100704588 0.0177070802 
10.07067 0.03000 0.0099668028 0.0176026405 
10.07104 0.03000 0.0098632206 0.0174982751 
10.07141 0.03000 0.0097597121 0.0173939842 
10.07178 0.03000 0.0096563270 0.0172898174 
10.07218 0.03000 0.0095462988 0.0171789573 
10.07254 0.03000 0.0094468640 0.0170787708 
10.07291 0.03000 0.0093474557 0.0169786109 
10.07328 0.03000 0.0092481728 0.0168785774 
10.07365 0.03000 0.0091489659 0.0167786203 
10.07401 0.03000 0.0090498350 0.0166787400 
10.07438 0.03000 0.0089507802 0.0165789363 
10.07474 0.03000 0.0088518511 0.0164792592 
10.07511 0.03000 0.0087529488 0.0163796092 
10.07548 0.03000 0.0086541722 0.0162800858 
10.07584 0.03000 0.0085554720 0.0161806393 
10.07621 0.03000 0.0084568482 0.0160812699 
10.07657 0.03000 0.0083583504 0.0159820274 
10.07693 0.03000 0.0082598301 0.0158827623 
10.07730 0.03000 0.0081588098 0.0157809782 
10.07766 0.03000 0.0080568737 0.0156782715 
10.07802 0.03000 0.0079550127 0.0155756403 
10.07839 0.03000 0.0078532763 0.0154731347 
10.07875 0.03000 0.0077516151 0.0153707049 
10.07911 0.03000 0.0076499796 0.0152683010 
10.07947 0.03000 0.0075485185 0.0151660728 
10.07984 0.03000 0.0074470832 0.0150638706 
10.08020 0.03000 0.0073457729 0.0149617943 
10.08056 0.03000 0.0072444885 0.0148597442 
10.08092 0.03000 0.0071433789 0.0147578701 
10.08128 0.03000 0.0070422456 0.0146559722 
10.08164 0.03000 0.0069412874 0.0145542507 
10.08200 0.03000 0.0068403551 0.0144525554 
10.08236 0.03000 0.0067395484 0.0143509865 
10.08272 0.03000 0.0066388175 0.0142494941 
10.08308 0.03000 0.0065381626 0.0141480782 
10.08344 0.03000 0.0064375339 0.0140466887 
10.08379 0.03000 0.0063370311 0.0139454260 
10.08415 0.03000 0.0062366540 0.0138442900 
10.08451 0.03000 0.0061363034 0.0137431807 
10.08487 0.03000 0.0060360788 0.0136421983 
10.08523 0.03000 0.0059359305 0.0135412929 
10.08558 0.03000 0.0058358087 0.0134404141 
10.08594 0.03000 0.0057358132 0.0133396626 
10.08629 0.03000 0.0056358941 0.0132389881 
10.08668 0.03000 0.0055278259 0.0131301028 
10.08704 0.03000 0.0054281578 0.0130296812 
10.08739 0.03000 0.0053284667 0.0129292363 
10.08775 0.03000 0.0052289021 0.0128289190 
10.08810 0.03000 0.0051293644 0.0127286288 
10.08846 0.03000 0.0050299535 0.0126284663 
10.08881 0.03000 0.0049306195 0.0125283813 
10.08916 0.03000 0.0048313625 0.0124283738 
10.08952 0.03000 0.0047321825 0.0123284439 
10.08987 0.03000 0.0046330296 0.0122285414 
10.09022 0.03000 0.0045340538 0.0121288173 
10.09058 0.03000 0.0044351052 0.0120291207 
10.09093 0.03000 0.0043362839 0.0119295522 
10.09128 0.03000 0.0042374900 0.0118300113 
10.09163 0.03000 0.0041387734 0.0117305484 
10.09199 0.03000 0.0040401342 0.0116311634 
10.09234 0.03000 0.0039416226 0.0115319070 
10.09269 0.03000 0.0038431385 0.0114326783 
10.09304 0.03000 0.0037447821 0.0113335783 
10.09339 0.03000 0.0036465033 0.0112345565 
10.09374 0.03000 0.0035482523 0.0111355627 
10.09409 0.03000 0.0034501291 0.0110366976 
10.09444 0.03000 0.0033520838 0.0109379110 
10.09479 0.03000 0.0032540663 0.0108391525 
10.09514 0.03000 0.0031561769 0.0107405230 
10.09549 0.03000 0.0030583656 0.0106419721 
10.09584 0.03000 0.0029605821 0.0105434495 
10.09618 0.03000 0.0028629270 0.0104450560 
10.09653 0.03000 0.0027653501 0.0103467414 
10.09688 0.03000 0.0026678515 0.0102485056 
10.09723 0.03000 0.0025704312 0.0101503488 
10.09757 0.03000 0.0024730391 0.0100522204 
10.09792 0.03000 0.0023757757 0.0099542215 
10.09827 0.03000 0.0022785908 0.0098563019 
10.09861 0.03000 0.0021814341 0.0097584107 
10.09896 0.03000 0.0020844064 0.0096606494 
10.09931 0.03000 0.0019874070 0.0095629166 
10.09965 0.03000 0.0018905366 0.0094653139 
10.10000 0.03000 0.0017936948 0.0093677399 
10.10037 0.03000 0.0016890349 0.0092622887 
10.10072 0.03000 0.0015923993 0.0091649225 
10.10106 0.03000 0.0014957924 0.0090675852 
10.10140 0.03000 0.0013993148 0.0089703782 
10.10175 0.03000 0.0013028660 0.0088732001 
10.10209 0.03000 0.0012065466 0.0087761525 
10.10243 0.03000 0.0011102561 0.0086791341 
10.10278 0.03000 0.0010140448 0.0085821953 
10.10312 0.03000 0.0009179632 0.0084853873 
10.10346 0.03000 0.0008218602 0.0083885577 
10.10381 0.03000 0.0007259374 0.0082919097 
10.10415 0.03000 0.0006300437 0.0081952910 
10.10449 0.03000 0.0005342295 0.0080987524 
10.10483 0.03000 0.0004384949 0.0080022940 
10.10517 0.03000 0.0003427895 0.0079058650 
10.10551 0.03000 0.0002472142 0.0078095671 
10.10585 0.03000 0.0001517187 0.0077133496 
10.10619 0.03000 0.0000562525 0.0076171617 
10.10653 0.03000 -0.0000391338 0.0075210542 
10.10687 0.03000 -0.0001343897 0.0074250781 
10.10721 0.03000 -0.0002296162 0.0073291317 
10.10755 0.03000 -0.0003247626 0.0072332659 
10.10789 0.03000 -0.0004198289 0.0071374809 
10.10823 0.03000 -0.0005148656 0.0070417256 
10.10857 0.03000 -0.0006097716 0.0069461021 
10.10891 0.03000 -0.0007046480 0.0068505084 
10.10924 0.03000 -0.0007993428 0.0067550977 
10.10958 0.03000 -0.0008941090 0.0066596149 
10.10992 0.03000 -0.0009887443 0.0065642642 
10.11026 0.03000 -0.0010832485 0.0064690455 
10.11059 0.03000 -0.0011777227 0.0063738570 
10.11093 0.03000 -0.0012721164 0.0062787497 
10.11127 0.03000 -0.0013664801 0.0061836725 
10.11160 0.03000 -0.0014607631 0.0060886767 
10.11194 0.03000 -0.0015549654 0.0059937622 
10.11228 0.03000 -0.0016490362 0.0058989802 
10.11261 0.03000 -0.0017430768 0.0058042285 
10.11295 0.03000 -0.0018370873 0.0057095073 
10.11328 0.03000 -0.0019309661 0.0056149187 
10.11362 0.03000 -0.0020247639 0.0055204118 
10.11398 0.03000 -0.0021262447 0.0054181637 
10.11431 0.03000 -0.0022198820 0.0053238185 
10.11464 0.03000 -0.0023134888 0.0052295040 
10.11498 0.03000 -0.0024070144 0.0051352713 
10.11531 0.03000 -0.0025005095 0.0050410693 
10.11564 0.03000 -0.0025938725 0.0049470004 
10.11598 0.03000 -0.0026872049 0.0048529624 
10.11631 0.03000 -0.0027804050 0.0047590576 
10.11664 0.03000 -0.0028736253 0.0046651325 
10.11697 0.03000 -0.0029667133 0.0045713408 
10.11731 0.03000 -0.0030597196 0.0044776313 
10.11764 0.03000 -0.0031526951 0.0043839528 
10.11797 0.03000 -0.0032455890 0.0042903567 
10.11830 0.03000 -0.0033384011 0.0041968429 
10.11863 0.03000 -0.0034311822 0.0041033603 
10.11896 0.03000 -0.0035238306 0.0040100114 
10.11929 0.03000 -0.0036164480 0.0039166937 
10.11962 0.03000 -0.0037089326 0.0038235100 
10.11995 0.03000 -0.0038014369 0.0037303062 
10.12028 0.03000 -0.0038938083 0.0036372365 
10.12061 0.03000 -0.0039861485 0.0035441982 
10.12094 0.03000 -0.0040783555 0.0034512940 
10.12127 0.03000 -0.0041705823 0.0033583699 
10.12160 0.03000 -0.0042627268 0.0032655288 
10.12192 0.03000 -0.0043547890 0.0031727706 
10.12225 0.03000 -0.0044467178 0.0030801467 
10.12258 0.03000 -0.0045386152 0.0029875545 
10.12291 0.03000 -0.0046304811 0.0028949941 
10.12323 0.03000 -0.0047222135 0.0028025682 
10.12356 0.03000 -0.0048139143 0.0027101740 
10.12389 0.03000 -0.0049055836 0.0026178117 
10.12422 0.03000 -0.0049971702 0.0025255327 
10.12454 0.03000 -0.0050886229 0.0024333885 
10.12487 0.03000 -0.0051800440 0.0023412762 
10.12519 0.03000 -0.0052714334 0.0022491959 
10.12552 0.03000 -0.0053626376 0.0021573022 
10.12584 0.03000 -0.0054539122 0.0020653374 
10.12617 0.03000 -0.0055450528 0.0019735078 
10.12649 0.03000 -0.0056361102 0.0018817619 
10.12682 0.03000 -0.0057271358 0.0017900482 
10.12717 0.03000 -0.0058255510 0.0016908889 
10.12749 0.03000 -0.0059164630 0.0015992896 
10.12782 0.03000 -0.0060072917 0.0015077741 
10.12814 0.03000 -0.0060979860 0.0014163942 
10.12846 0.03000 -0.0061886993 0.0013249950 
10.12879 0.03000 -0.0062796879 0.0012333185 
10.12911 0.03000 -0.0063715157 0.0011407964 
10.12943 0.03000 -0.0064633119 0.0010483062 
10.12976 0.03000 -0.0065550250 0.0009558997 
10.13008 0.03000 -0.0066466551 0.0008635769 
10.13040 0.03000 -0.0067382534 0.0007712861 
10.13072 0.03000 -0.0068297685 0.0006790790 
10.13104 0.03000 -0.0069212004 0.0005869558 
10.13136 0.03000 -0.0070126005 0.0004948647 
10.13168 0.03000 -0.0071038659 0.0004029093 
10.13201 0.03000 -0.0071950993 0.0003109862 
10.13233 0.03000 -0.0072863006 0.0002190953 
10.13265 0.03000 -0.0073774185 0.0001272885 
10.13297 0.03000 -0.0074684529 0.0000355659 
10.13329 0.03000 -0.0075594038 -0.0000560726 
10.13361 0.03000 -0.0076503224 -0.0001476787 
10.13392 0.03000 -0.0077411574 -0.0002392004 
10.13424 0.03000 -0.0078319087 -0.0003306379 
10.13456 0.03000 -0.0079226277 -0.0004220427 
10.13488 0.03000 -0.0080132629 -0.0005133632 
10.13520 0.03000 -0.0081038143 -0.0006045991 
10.13552 0.03000 -0.0081943332 -0.0006958024 
10.13584 0.03000 -0.0082847682 -0.0007869211 
10.13615 0.03000 -0.0083751191 -0.0008779552 
10.13647 0.03000 -0.0084654376 -0.0009689565 
10.13679 0.03000 -0.0085556719 -0.0010598730 
10.13711 0.03000 -0.0086354924 -0.0011402971 
10.13742 0.03000 -0.0087138851 -0.0012192824 
10.13774 0.03000 -0.0087922661 -0.0012982561 
10.13805 0.03000 -0.0088705842 -0.0013771662 
10.13837 0.03000 -0.0089488133 -0.0014559868 
10.13869 0.03000 -0.0090270051 -0.0015347697 
10.13900 0.03000 -0.0091051337 -0.0016134890 
10.13932 0.03000 -0.0091831991 -0.0016921446 
10.13963 0.03000 -0.0092612270 -0.0017707625 
10.13997 0.03000 -0.0093455905 -0.0018557638 
10.14029 0.03000 -0.0094234930 -0.0019342552 
10.14060 0.03000 -0.0095013321 -0.0020126829 
10.14092 0.03000 -0.0095791337 -0.0020910727 
10.14123 0.03000 -0.0096568460 -0.0021693726 
10.14154 0.03000 -0.0097345208 -0.0022476346 
10.14186 0.03000 -0.0098143016 -0.0023280186 
10.14217 0.03000 -0.0099033720 -0.0024177625 
10.14248 0.03000 -0.0099923833 -0.0025074467 
10.14280 0.03000 -0.0100813355 -0.0025970714 
10.14311 0.03000 -0.0101702285 -0.0026866364 
10.14342 0.03000 -0.0102590363 -0.0027761157 
10.14373 0.03000 -0.0103477849 -0.0028655353 
10.14405 0.03000 -0.0104364741 -0.0029548951 
10.14436 0.03000 -0.0105251040 -0.0030441950 
10.14467 0.03000 -0.0106136486 -0.0031334091 
10.14498 0.03000 -0.0107021597 -0.0032225893 
10.14529 0.03000 -0.0107906112 -0.0033117096 
10.14560 0.03000 -0.0108789773 -0.0034007438 
10.14591 0.03000 -0.0109672839 -0.0034897180 
10.14622 0.03000 -0.0110555308 -0.0035786321 
10.14653 0.03000 -0.0111437181 -0.0036674861 
10.14684 0.03000 -0.0112318456 -0.0037562800 
10.14715 0.03000 -0.0113198876 -0.0038449875 
10.14746 0.03000 -0.0114078697 -0.0039336348 
10.14777 0.03000 -0.0114958179 -0.0040222480 
10.14808 0.03000 -0.0115837062 -0.0041108008 
10.14839 0.03000 -0.0116714828 -0.0041992410 
10.14870 0.03000 -0.0117592254 -0.0042876470 
10.14901 0.03000 -0.0118469080 -0.0043759925 
10.14932 0.03000 -0.0119345565 -0.0044643036 
10.14962 0.03000 -0.0120221190 -0.0045525281 
10.14993 0.03000 -0.0121096213 -0.0046406921 
10.15024 0.03000 -0.0121970376 -0.0047287692 
10.15055 0.03000 -0.0122843936 -0.0048167857 
10.15085 0.03000 -0.0123717154 -0.0049047677 
10.15116 0.03000 -0.0124589509 -0.0049926627 
10.15147 0.03000 -0.0125461521 -0.0050805232 
10.15177 0.03000 -0.0126332669 -0.0051682967 
