7.00000 0.00800 1.0532403218 1.2955410533 
7.30103 0.00800 0.9505817456 1.0729467887 
7.47712 0.00800 0.8845562011 0.9713384856 
7.60206 0.00800 0.8353280610 0.9048913780 
7.69897 0.00800 0.7972545089 0.8538244392 
7.77815 0.00800 0.7653353012 0.8162147540 
7.84510 0.00800 0.7391265927 0.7846581411 
7.90309 0.00800 0.7161352524 0.7583569296 
7.95424 0.00800 0.6957138614 0.7356538704 
8.00000 0.00800 0.6777662175 0.7155266848 
8.04139 0.00800 0.6612653036 0.6977859621 
8.07918 0.00800 0.6463942816 0.6817282417 
8.11394 0.00800 0.6329240422 0.6671170380 
8.14613 0.00800 0.6207070184 0.6537995557 
8.17609 0.00800 0.6086489274 0.6414952556 
8.20412 0.00800 0.5981992466 0.6300001500 
8.23045 0.00800 0.5877371782 0.6193299077 
8.25527 0.00800 0.5780703378 0.6094707170 
8.27875 0.00800 0.5689330412 0.6001516068 
8.30103 0.00800 0.5602891941 0.5913357648 
8.32222 0.00800 0.5520671922 0.5829501618 
8.34242 0.00800 0.5443532668 0.5750827451 
8.36173 0.00800 0.5370609390 0.5676453148 
8.38021 0.00800 0.5300790174 0.5605244672 
8.39794 0.00800 0.5234259765 0.5537390444 
8.41497 0.00800 0.5163280044 0.5472892704 
8.43136 0.00800 0.5102458861 0.5410829639 
8.44716 0.00800 0.5043849876 0.5351023942 
8.46240 0.00800 0.4987756243 0.5293784956 
8.47712 0.00800 0.4926688650 0.5239249547 
8.49136 0.00800 0.4875023717 0.5186502763 
8.50515 0.00800 0.4824999138 0.5135430683 
8.51851 0.00800 0.4768967143 0.5085930158 
8.53148 0.00800 0.4722346902 0.5038309380 
8.54407 0.00800 0.4677846379 0.4992853813 
8.55630 0.00800 0.4627121757 0.4948679137 
8.56820 0.00800 0.4585081386 0.4905714566 
8.57978 0.00800 0.4544162448 0.4863896080 
8.59106 0.00800 0.4496891256 0.4823164001 
8.60206 0.00800 0.4458064243 0.4783463131 
8.61278 0.00800 0.4413528529 0.4745467518 
8.62325 0.00800 0.4377570803 0.4708681697 
8.63347 0.00800 0.4342459078 0.4672761360 
8.64345 0.00800 0.4300832267 0.4637667026 
8.65321 0.00800 0.4267315687 0.4603361013 
8.66276 0.00800 0.4234536183 0.4569809436 
8.67210 0.00800 0.4195189285 0.4536979191 
8.68124 0.00800 0.4163806372 0.4504840644 
8.69020 0.00800 0.4125829649 0.4473364156 
8.69897 0.00800 0.4096071078 0.4442873441 
8.70757 0.00800 0.4066922350 0.4413007574 
8.71600 0.00800 0.4031143921 0.4383721383 
8.72428 0.00800 0.4003120215 0.4354993492 
8.73239 0.00800 0.3968455708 0.4326805008 
8.74036 0.00800 0.3941482702 0.4299140031 
8.74819 0.00800 0.3907836398 0.4271953265 
8.75587 0.00800 0.3881831662 0.4245267706 
8.76343 0.00800 0.3856278826 0.4219045879 
8.77085 0.00800 0.3824062698 0.4193272385 
8.77815 0.00800 0.3799349821 0.4167899482 
8.78533 0.00800 0.3775205019 0.4143109827 
8.79239 0.00800 0.3744728572 0.4119071128 
8.79934 0.00800 0.3721701445 0.4095416849 
8.80618 0.00800 0.3691968464 0.4072105378 
8.81291 0.00800 0.3669667184 0.4049184937 
8.81954 0.00800 0.3647706430 0.4026614475 
8.82607 0.00800 0.3626075721 0.4004383222 
8.83251 0.00800 0.3597743327 0.3982453143 
8.83885 0.00800 0.3576755388 0.3960871409 
8.84510 0.00800 0.3556069138 0.3939599901 
8.85126 0.00800 0.3528713268 0.3918629862 
8.85733 0.00800 0.3508590315 0.3897926938 
8.86332 0.00800 0.3488770346 0.3877535730 
8.86923 0.00800 0.3462287417 0.3857421496 
8.87506 0.00800 0.3443009596 0.3837577849 
8.88081 0.00800 0.3423962349 0.3817971543 
8.88649 0.00800 0.3404689026 0.3798132525 
8.89209 0.00800 0.3383652103 0.3776478143 
8.89763 0.00800 0.3362882627 0.3755099059 
8.90309 0.00800 0.3342348896 0.3733962638 
8.90849 0.00800 0.3322095936 0.3713115230 
8.91381 0.00800 0.3303622142 0.3694099208 
8.91908 0.00800 0.3285581513 0.3675529066 
8.92428 0.00800 0.3267733836 0.3657157538 
8.92942 0.00800 0.3250120191 0.3639026911 
8.93450 0.00800 0.3225898413 0.3621108154 
8.93952 0.00800 0.3208637539 0.3603331500 
8.94448 0.00800 0.3191535134 0.3585718048 
8.94939 0.00800 0.3174647353 0.3568325636 
8.95424 0.00800 0.3157948216 0.3551127503 
8.95904 0.00800 0.3141434001 0.3534119819 
8.96379 0.00800 0.3118493095 0.3517457576 
8.96848 0.00800 0.3102790340 0.3501277262 
8.97313 0.00800 0.3087255413 0.3485269882 
8.97772 0.00800 0.3071884517 0.3469431521 
8.98227 0.00800 0.3056655618 0.3453739475 
8.98677 0.00800 0.3041603699 0.3438229791 
8.99123 0.00800 0.3026635824 0.3422806707 
8.99564 0.00800 0.3011288108 0.3406992231 
9.00000 0.00800 0.2996075763 0.3391317242 
9.00432 0.00800 0.2981029099 0.3375812974 
9.00860 0.00800 0.2966130625 0.3360461402 
9.01284 0.00800 0.2951377457 0.3345259555 
9.01703 0.00800 0.2936766642 0.3330204391 
9.02119 0.00800 0.2915517153 0.3315172145 
9.02531 0.00800 0.2901066780 0.3300274623 
9.02938 0.00800 0.2886751439 0.3285516311 
9.03342 0.00800 0.2872570314 0.3270896369 
9.03743 0.00800 0.2858519710 0.3256410985 
9.04139 0.00800 0.2844597764 0.3242058241 
9.04532 0.00800 0.2830802088 0.3227835675 
9.04922 0.00800 0.2817312816 0.3213928994 
9.05308 0.00800 0.2804040273 0.3200245748 
9.05690 0.00800 0.2790884424 0.3186682807 
9.06070 0.00800 0.2777843595 0.3173238445 
9.06446 0.00800 0.2764915588 0.3159910397 
9.06818 0.00800 0.2752098650 0.3146696855 
9.07188 0.00800 0.2739390989 0.3133595970 
9.07554 0.00800 0.2726790288 0.3120605356 
9.07918 0.00800 0.2715050320 0.3108502109 
9.08278 0.00800 0.2697064618 0.3096714226 
9.08636 0.00800 0.2685730163 0.3085023011 
9.08990 0.00800 0.2674488785 0.3073427802 
9.09342 0.00800 0.2663337840 0.3061925873 
9.09691 0.00800 0.2652276637 0.3050516511 
9.10037 0.00800 0.2634780609 0.3039197955 
9.10380 0.00800 0.2623900360 0.3027969448 
9.10721 0.00800 0.2613104614 0.3016828148 
9.11059 0.00800 0.2601601823 0.3004957173 
9.11394 0.00800 0.2589054022 0.2992007738 
9.11727 0.00800 0.2576602594 0.2979157762 
9.12057 0.00800 0.2564245721 0.2966405367 
9.12385 0.00800 0.2551982059 0.2953749167 
9.12710 0.00800 0.2539810494 0.2941188011 
9.13033 0.00800 0.2527729117 0.2928719930 
9.13353 0.00800 0.2515737272 0.2916344247 
9.13671 0.00800 0.2510288254 0.2904058937 
9.13987 0.00800 0.2499579750 0.2893013375 
9.14301 0.00800 0.2483044813 0.2882605359 
9.14613 0.00800 0.2473010988 0.2872250370 
9.14922 0.00800 0.2463069461 0.2861990631 
9.15229 0.00800 0.2453198048 0.2851803251 
9.15534 0.00800 0.2443395996 0.2841687453 
9.15836 0.00800 0.2433662016 0.2831641905 
9.16137 0.00800 0.2423995585 0.2821666068 
9.16435 0.00800 0.2407986563 0.2811758853 
9.16732 0.00800 0.2398456967 0.2801919151 
9.17026 0.00800 0.2388992198 0.2792146387 
9.17318 0.00800 0.2377379700 0.2780156002 
9.17609 0.00800 0.2370149976 0.2766096955 
9.17897 0.00800 0.2362996685 0.2752131256 
9.18184 0.00800 0.2349546533 0.2738257750 
9.18469 0.00800 0.2342550035 0.2724475255 
9.18752 0.00800 0.2329268329 0.2710782563 
9.19033 0.00800 0.2322424296 0.2697178437 
9.19312 0.00800 0.2309306421 0.2683661616 
9.19590 0.00800 0.2302944635 0.2670575129 
9.19865 0.00800 0.2293103237 0.2660439655 
9.20139 0.00800 0.2283323743 0.2650367935 
9.20412 0.00800 0.2273605816 0.2640359622 
9.20682 0.00800 0.2263948289 0.2630413514 
9.20951 0.00800 0.2254350530 0.2620528959 
9.21218 0.00800 0.2244811896 0.2610705296 
9.21484 0.00800 0.2235331734 0.2600941852 
9.21748 0.00800 0.2225909103 0.2591237659 
9.22010 0.00800 0.2216543327 0.2581592020 
9.22271 0.00800 0.2207234000 0.2572004517 
9.22530 0.00800 0.2204264249 0.2562473859 
9.22788 0.00800 0.2195060706 0.2553000181 
9.23044 0.00800 0.2180960963 0.2398035114 
9.23299 0.00800 0.2175984093 0.2386662698 
9.23552 0.00800 0.2164870294 0.2375356600 
9.23804 0.00800 0.2160005947 0.2364115915 
9.24054 0.00800 0.2149014848 0.2352940326 
9.24303 0.00800 0.2138086556 0.2341828599 
9.24551 0.00800 0.2133388614 0.2330779786 
9.24797 0.00800 0.2122577331 0.2319792621 
9.25041 0.00800 0.2113208581 0.2310271455 
9.25285 0.00800 0.2110288657 0.2301050318 
9.25527 0.00800 0.2101238411 0.2291857512 
9.25768 0.00800 0.2092261475 0.2282739171 
9.26007 0.00800 0.2083333592 0.2273670656 
9.26245 0.00800 0.2074455109 0.2264652318 
9.26482 0.00800 0.2065624553 0.2255682663 
9.26717 0.00800 0.2056841957 0.2246761723 
9.26951 0.00800 0.2048107045 0.2237889219 
9.27184 0.00800 0.2039418317 0.2229063626 
9.27416 0.00800 0.2036889902 0.2220285888 
9.27646 0.00800 0.2028289210 0.2211554155 
9.27875 0.00800 0.2019734142 0.2202868740 
9.28103 0.00800 0.2011188391 0.2194192785 
9.28330 0.00800 0.2002586688 0.2185460025 
9.28556 0.00800 0.1994056932 0.2176800309 
9.28780 0.00800 0.1985576685 0.2168190855 
9.29003 0.00800 0.1977099133 0.2159584138 
9.29225 0.00800 0.1974743895 0.2151021851 
9.29446 0.00800 0.1966348970 0.2142503345 
9.29666 0.00800 0.1957996539 0.2134027960 
9.29885 0.00800 0.1949685948 0.2125595030 
9.30103 0.00800 0.1941417158 0.2117204517 
9.30319 0.00800 0.1933189501 0.2108855742 
9.30535 0.00800 0.1925002617 0.2100548341 
9.30749 0.00800 0.1916856455 0.2092282261 
9.30963 0.00800 0.1914795066 0.2084056487 
9.31175 0.00800 0.1906724509 0.2075871280 
9.31386 0.00800 0.1898961512 0.2067998002 
9.31597 0.00800 0.1891269547 0.2060196765 
9.31806 0.00800 0.1883614973 0.2052433451 
9.32014 0.00800 0.1875996741 0.2044706994 
9.32222 0.00800 0.1868280302 0.2036880936 
9.32428 0.00800 0.1866536092 0.2029008950 
9.32633 0.00800 0.1858807960 0.2021175006 
9.32838 0.00800 0.1851366550 0.2013631710 
9.33041 0.00800 0.1843960139 0.2006123894 
9.33243 0.00800 0.1836587966 0.1998650783 
9.33445 0.00800 0.1829249906 0.1991212253 
9.33645 0.00800 0.1821945833 0.1983808174 
9.33845 0.00800 0.1814675618 0.1976438419 
9.34044 0.00800 0.1807438807 0.1969102523 
9.34242 0.00800 0.1800216084 0.1961780909 
9.34439 0.00800 0.1799024910 0.1954511300 
9.34635 0.00800 0.1792204626 0.1947601139 
9.34830 0.00800 0.1785494404 0.1940802491 
9.35025 0.00800 0.1778814252 0.1934034308 
9.35218 0.00800 0.1772163671 0.1927296087 
9.35411 0.00800 0.1765543144 0.1920588315 
9.35603 0.00800 0.1758951182 0.1913909485 
9.35793 0.00800 0.1752388591 0.1907260413 
9.35983 0.00800 0.1745823195 0.1900608498 
9.36173 0.00800 0.1739216341 0.1893914580 
9.36361 0.00800 0.1732638334 0.1887249888 
9.36549 0.00800 0.1726088989 0.1880614237 
9.36735 0.00800 0.1719567460 0.1874006767 
9.36921 0.00800 0.1713128401 0.1867482855 
9.37107 0.00800 0.1706746900 0.1861017260 
9.37291 0.00800 0.1700392224 0.1854578843 
9.37475 0.00800 0.1694064507 0.1848167739 
9.37657 0.00800 0.1687763881 0.1841784084 
9.37840 0.00800 0.1681489141 0.1835426657 
9.38021 0.00800 0.1675240750 0.1829095925 
9.38201 0.00800 0.1669147460 0.1822922338 
9.38381 0.00800 0.1663090897 0.1816785962 
9.38560 0.00800 0.1662966723 0.1810674002 
9.38739 0.00800 0.1651051190 0.1804587597 
9.38916 0.00800 0.1645068276 0.1798525841 
9.39093 0.00800 0.1639110143 0.1792489192 
9.39269 0.00800 0.1627279702 0.1786476737 
9.39445 0.00800 0.1621372434 0.1780488588 
9.39620 0.00800 0.1615488914 0.1774524513 
9.39794 0.00800 0.1603742018 0.1768584624 
9.39967 0.00800 0.1598142977 0.1762906043 
9.40140 0.00800 0.1586910028 0.1757478754 
9.40312 0.00800 0.1581582730 0.1752073034 
9.40483 0.00800 0.1576276093 0.1746688280 
9.40654 0.00800 0.1565116946 0.1741324924 
9.40824 0.00800 0.1559854902 0.1735982706 
9.40993 0.00800 0.1548744816 0.1730661020 
9.41162 0.00800 0.1543407756 0.1725239891 
9.41330 0.00800 0.1537635910 0.1719377126 
9.41497 0.00800 0.1525894260 0.1713402453 
9.41664 0.00800 0.1520052515 0.1707465673 
9.41830 0.00800 0.1514208628 0.1701526714 
9.41996 0.00800 0.1502241711 0.1695310875 
9.42160 0.00800 0.1496152162 0.1689119111 
9.42325 0.00800 0.1484241316 0.1682950835 
9.42488 0.00800 0.1478200808 0.1676805809 
9.42651 0.00800 0.1466344310 0.1670683439 
9.42813 0.00800 0.1460351846 0.1664584186 
9.42975 0.00800 0.1448549686 0.1658507806 
9.43136 0.00800 0.1442604608 0.1652453699 
9.43297 0.00800 0.1430855729 0.1646422326 
9.43457 0.00800 0.1424957364 0.1640412727 
9.43616 0.00800 0.1413262440 0.1634427138 
9.43775 0.00800 0.1407578355 0.1628632908 
9.43933 0.00800 0.1396100651 0.1622859797 
9.44091 0.00800 0.1448574866 0.1617107186 
9.44248 0.00800 0.1379032192 0.1611375881 
9.44404 0.00800 0.1437298933 0.1605665262 
9.44560 0.00800 0.1362056614 0.1599975062 
9.44716 0.00800 0.1426103843 0.1594305371 
9.44870 0.00800 0.1420535996 0.1588655562 
9.45025 0.00800 0.1409193418 0.1583025720 
9.45178 0.00800 0.1403707186 0.1577455899 
9.45332 0.00800 0.1398334638 0.1572001494 
9.45484 0.00800 0.1392848674 0.1566431945 
9.45636 0.00800 0.1387381654 0.1560881628 
9.45788 0.00800 0.1381933658 0.1555350625 
9.45939 0.00800 0.1376504768 0.1549839020 
9.46090 0.00800 0.1365319648 0.1544346533 
9.46240 0.00800 0.1359930523 0.1538872518 
9.46389 0.00800 0.1354560736 0.1533418146 
9.46538 0.00800 0.1349208575 0.1527981678 
9.46686 0.00800 0.1343875552 0.1522564648 
9.46834 0.00800 0.1338559948 0.1517165314 
9.46982 0.00800 0.1339021690 0.1511784845 
9.47129 0.00800 0.1333739547 0.1506422222 
9.47275 0.00800 0.1328475417 0.1501077886 
9.47421 0.00800 0.1328709313 0.1495477115 
9.47567 0.00800 0.1323164201 0.1489850375 
9.47712 0.00800 0.1323368121 0.1484227739 
9.47857 0.00800 0.1317856640 0.1478637962 
9.48001 0.00800 0.1312363510 0.1473066797 
9.48144 0.00800 0.1312625073 0.1467513956 
9.48287 0.00800 0.1307165752 0.1461979887 
9.48430 0.00800 0.1307455031 0.1456463562 
9.48572 0.00800 0.1302028409 0.1450965428 
9.48714 0.00800 0.1296619450 0.1445485191 
9.48855 0.00800 0.1297024131 0.1440096878 
9.48996 0.00800 0.1291966639 0.1434975335 
9.49136 0.00800 0.1286925981 0.1429870839 
9.49276 0.00800 0.1287615999 0.1424781965 
9.49415 0.00800 0.1282780037 0.1419887238 
9.49554 0.00800 0.1278211135 0.1415262815 
9.49693 0.00800 0.1273656954 0.1410653292 
9.49831 0.00800 0.1269116806 0.1406057972 
9.49969 0.00800 0.1264591482 0.1401477657 
9.50106 0.00800 0.1260080291 0.1396911646 
9.50243 0.00800 0.1261282313 0.1392359992 
9.50379 0.00800 0.1256797270 0.1387822744 
9.50515 0.00800 0.1252326144 0.1383299576 
9.50650 0.00800 0.1247868984 0.1378790536 
9.50785 0.00800 0.1243425840 0.1374295675 
9.50920 0.00800 0.1238996384 0.1369814662 
9.51054 0.00800 0.1234580292 0.1365347168 
9.51188 0.00800 0.1230177983 0.1360893617 
9.51322 0.00800 0.1225679781 0.1356343058 
9.51455 0.00800 0.1221065522 0.1351675090 
9.51587 0.00800 0.1216464686 0.1347020702 
9.51719 0.00800 0.1211878075 0.1342380704 
9.51851 0.00800 0.1207305739 0.1337755148 
9.51983 0.00800 0.1202746975 0.1333143322 
9.52114 0.00800 0.1198202210 0.1328545657 
9.52244 0.00800 0.1193670739 0.1323961441 
9.52374 0.00800 0.1194815513 0.1319391103 
9.52504 0.00800 0.1190309247 0.1314834692 
9.52634 0.00800 0.1185815668 0.1310291107 
9.52763 0.00800 0.1181424277 0.1305850849 
9.52891 0.00800 0.1177207106 0.1301586750 
9.53020 0.00800 0.1173002502 0.1297335357 
9.53148 0.00800 0.1168799100 0.1293085180 
9.53275 0.00800 0.1164619361 0.1288858929 
9.53403 0.00800 0.1160451548 0.1284644737 
9.53529 0.00800 0.1156296082 0.1280443029 
9.53656 0.00800 0.1152152621 0.1276253460 
9.53782 0.00800 0.1148021204 0.1272076068 
9.53908 0.00800 0.1143901487 0.1267910507 
9.54033 0.00800 0.1139793889 0.1263757200 
9.54158 0.00800 0.1135716841 0.1259634782 
9.54282 0.00800 0.1137372379 0.1255615463 
9.54407 0.00800 0.1133406576 0.1251607556 
9.54531 0.00800 0.1129452484 0.1247611485 
9.54654 0.00800 0.1125509755 0.1243626896 
9.54777 0.00800 0.1121577653 0.1239653048 
9.54900 0.00800 0.1117656982 0.1235690751 
9.55023 0.00800 0.1113747775 0.1231740041 
9.55145 0.00800 0.1109848909 0.1227799783 
9.55267 0.00800 0.1105961189 0.1223870787 
9.55388 0.00800 0.1102084648 0.1219953090 
9.55509 0.00800 0.1098218545 0.1216045941 
9.55630 0.00800 0.1094335398 0.1212121567 
9.55751 0.00800 0.1090415381 0.1208159932 
9.55871 0.00800 0.1086505761 0.1204208805 
9.55990 0.00800 0.1082607348 0.1200269003 
9.56110 0.00800 0.1078719396 0.1196339774 
9.56229 0.00800 0.1074842716 0.1192421936 
9.56348 0.00800 0.1070976173 0.1188514343 
9.56466 0.00800 0.1067120187 0.1184617419 
9.56585 0.00800 0.1063274790 0.1180731196 
9.56702 0.00800 0.1059440014 0.1176855707 
9.56820 0.00800 0.1055615108 0.1172990192 
9.56937 0.00800 0.1051804015 0.1169138638 
9.57054 0.00800 0.1048069841 0.1165364819 
9.57171 0.00800 0.1044346142 0.1161601586 
9.57287 0.00800 0.1040632555 0.1157848573 
9.57403 0.00800 0.1036928323 0.1154105014 
9.57519 0.00800 0.1033234653 0.1150372129 
9.57634 0.00800 0.1029550395 0.1146648756 
9.57749 0.00800 0.1025875574 0.1142934921 
9.57864 0.00800 0.1022211008 0.1139231448 
9.57978 0.00800 0.1018546470 0.1135528004 
9.58092 0.00800 0.1014901304 0.1131844139 
9.58206 0.00800 0.1011265292 0.1128169524 
9.58320 0.00800 0.1007638854 0.1124504585 
9.58433 0.00800 0.1009584827 0.1120848949 
9.58546 0.00800 0.1005975398 0.1117203042 
9.58659 0.00800 0.1002375231 0.1113566492 
9.58771 0.00800 0.0998784750 0.1109939725 
9.58883 0.00800 0.0995203186 0.1106321965 
9.58995 0.00800 0.0991630962 0.1102713640 
9.59106 0.00800 0.0988068104 0.1099114775 
9.59218 0.00800 0.0984514239 0.1095524994 
9.59329 0.00800 0.0981040740 0.1092016391 
9.59439 0.00800 0.0977583181 0.1088523890 
9.59550 0.00800 0.0974134417 0.1085040273 
9.59660 0.00800 0.0970694871 0.1081565966 
9.59769 0.00800 0.0967263368 0.1078099784 
9.59879 0.00800 0.0963840729 0.1074642556 
9.59988 0.00800 0.0960426578 0.1071193901 
9.60097 0.00800 0.0957021337 0.1067754246 
9.60206 0.00800 0.0953583713 0.1064281881 
9.60314 0.00800 0.0950127279 0.1060790516 
9.60422 0.00800 0.0946679716 0.1057308112 
9.60530 0.00800 0.0943240646 0.1053834286 
9.60638 0.00800 0.0939810091 0.1050369061 
9.60745 0.00800 0.0936388476 0.1046912867 
9.60852 0.00800 0.0932975019 0.1043464913 
9.60959 0.00800 0.0929569741 0.1040025221 
9.61066 0.00800 0.0926172664 0.1036593813 
9.61172 0.00800 0.0922784214 0.1033171118 
9.61278 0.00800 0.0919404008 0.1029756752 
9.61384 0.00800 0.0916047042 0.1026365860 
9.61490 0.00800 0.0912753057 0.1023038586 
9.61595 0.00800 0.0909466680 0.1019718996 
9.61700 0.00800 0.0906188739 0.1016407928 
9.61805 0.00800 0.0902918445 0.1013104584 
9.61909 0.00800 0.0899655817 0.1009808983 
9.62013 0.00800 0.0896401280 0.1006521556 
9.62117 0.00800 0.0893154449 0.1003241912 
9.62221 0.00800 0.0889915341 0.0999970069 
9.62325 0.00800 0.0881174730 0.0996697819 
9.62428 0.00800 0.0877953160 0.0993442046 
9.62531 0.00800 0.0880236399 0.0990193311 
9.62634 0.00800 0.0877027968 0.0986952455 
9.62737 0.00800 0.0873826949 0.0983719086 
9.62839 0.00800 0.0870633770 0.0980493636 
9.62941 0.00800 0.0867448448 0.0977276123 
9.63043 0.00800 0.0864269775 0.0974065326 
9.63144 0.00800 0.0861098996 0.0970862503 
9.63246 0.00800 0.0857935722 0.0967667261 
9.63347 0.00800 0.0854779560 0.0964479202 
9.63448 0.00800 0.0851630527 0.0961298344 
9.63548 0.00800 0.0848489462 0.0958125535 
9.63649 0.00800 0.0845355151 0.0954959549 
9.63749 0.00800 0.0842228433 0.0951801232 
9.63849 0.00800 0.0839108503 0.0948649772 
9.63949 0.00800 0.0835995790 0.0945505601 
9.64048 0.00800 0.0832890311 0.0942368737 
9.64147 0.00800 0.0829792082 0.0939239198 
9.64246 0.00800 0.0826701122 0.0936117000 
9.64345 0.00800 0.0823616208 0.0933000909 
9.64444 0.00800 0.0820539008 0.0929892611 
9.64542 0.00800 0.0817469128 0.0926791706 
9.64640 0.00800 0.0814422329 0.0923714116 
9.64738 0.00800 0.0811559950 0.0920822809 
9.64836 0.00800 0.0808703962 0.0917937958 
9.64933 0.00800 0.0805837772 0.0915042803 
9.65031 0.00800 0.0802837557 0.0912012267 
9.65128 0.00800 0.0805301616 0.0908988854 
9.65224 0.00800 0.0802313595 0.0905972160 
9.65321 0.00800 0.0799332244 0.0902962200 
9.65417 0.00800 0.0796356745 0.0899958148 
9.65514 0.00800 0.0793388780 0.0896961703 
9.65610 0.00800 0.0790427114 0.0893971616 
9.65705 0.00800 0.0787471761 0.0890987904 
9.65801 0.00800 0.0784523153 0.0888011001 
9.65896 0.00800 0.0781580470 0.0885040080 
9.65991 0.00800 0.0778644562 0.0882075999 
9.66086 0.00800 0.0775820149 0.0879224484 
9.66181 0.00800 0.0773056744 0.0876434562 
9.66276 0.00800 0.0770291983 0.0873643270 
9.66370 0.00800 0.0767540549 0.0870865433 
9.66464 0.00800 0.0764794913 0.0868093450 
9.66558 0.00800 0.0762055086 0.0865327332 
9.66652 0.00800 0.0759321922 0.0862567940 
9.66745 0.00800 0.0756594171 0.0859814014 
9.66839 0.00800 0.0753871846 0.0857065566 
9.66932 0.00800 0.0751156222 0.0854323882 
9.67025 0.00800 0.0748446047 0.0851587701 
9.67117 0.00800 0.0745740912 0.0848856608 
9.67210 0.00800 0.0743042093 0.0846131891 
9.67302 0.00800 0.0740349181 0.0843413138 
9.67394 0.00800 0.0737662189 0.0840700361 
9.67486 0.00800 0.0734980281 0.0837992718 
9.67578 0.00800 0.0732304316 0.0835291075 
9.67669 0.00800 0.0729634305 0.0832595442 
9.67761 0.00800 0.0726969414 0.0829904979 
9.67852 0.00800 0.0724310500 0.0827220550 
9.67943 0.00800 0.0721657152 0.0824541741 
9.68033 0.00800 0.0719008956 0.0821868133 
9.68124 0.00800 0.0716366348 0.0819200167 
9.68214 0.00800 0.0713729764 0.0816538282 
9.68305 0.00800 0.0711097941 0.0813881204 
9.68395 0.00800 0.0708472164 0.0811230230 
9.68484 0.00800 0.0705851594 0.0808584513 
9.68574 0.00800 0.0703236242 0.0805944064 
9.68663 0.00800 0.0700626117 0.0803308893 
9.68753 0.00800 0.0698021659 0.0800679442 
9.68842 0.00800 0.0695422876 0.0798055722 
9.68931 0.00800 0.0692829354 0.0795437313 
9.69019 0.00800 0.0690240249 0.0792823362 
9.69108 0.00800 0.0687657279 0.0790215607 
9.69196 0.00800 0.0685079602 0.0787613194 
9.69285 0.00800 0.0682506798 0.0785015702 
9.69373 0.00800 0.0679939308 0.0782423574 
9.69460 0.00800 0.0677376711 0.0779836387 
9.69548 0.00800 0.0674819448 0.0777254584 
9.69635 0.00800 0.0672267527 0.0774678175 
9.69723 0.00800 0.0669720960 0.0772107172 
9.69810 0.00800 0.0667178899 0.0769540716 
9.69897 0.00800 0.0664636193 0.0766973611 
9.69984 0.00800 0.0662104455 0.0764417579 
9.70070 0.00800 0.0659577680 0.0761866557 
9.70157 0.00800 0.0657012824 0.0759277089 
9.70243 0.00800 0.0654362861 0.0756601697 
9.70329 0.00800 0.0651718162 0.0753931619 
9.70415 0.00800 0.0649079169 0.0751267302 
9.70501 0.00800 0.0646445030 0.0748607886 
9.70586 0.00800 0.0643816187 0.0745953817 
9.70672 0.00800 0.0641235863 0.0743348733 
9.70757 0.00800 0.0638709768 0.0740798397 
9.70842 0.00800 0.0641560924 0.0738253552 
9.70927 0.00800 0.0639043146 0.0735712896 
9.71012 0.00800 0.0636530394 0.0733177313 
9.71096 0.00800 0.0634076012 0.0730700630 
9.71181 0.00800 0.0631715678 0.0728318849 
9.71265 0.00800 0.0629360559 0.0725942330 
9.71349 0.00800 0.0627009796 0.0723570208 
9.71433 0.00800 0.0624663399 0.0721202490 
9.71517 0.00800 0.0622321373 0.0718839185 
9.71600 0.00800 0.0619984163 0.0716480738 
9.71684 0.00800 0.0617651341 0.0714126720 
9.71767 0.00800 0.0615322916 0.0711777138 
9.71850 0.00800 0.0612998895 0.0709432000 
9.71933 0.00800 0.0610679722 0.0707091754 
9.72016 0.00800 0.0608364533 0.0704755528 
9.72098 0.00800 0.0606053772 0.0702423771 
9.72181 0.00800 0.0603747883 0.0700096930 
9.72263 0.00800 0.0601446000 0.0697774131 
9.72345 0.00800 0.0599148569 0.0695455825 
9.72427 0.00800 0.0596855159 0.0693141576 
9.72509 0.00800 0.0594566652 0.0690832276 
9.72591 0.00800 0.0592282183 0.0688527048 
9.72673 0.00800 0.0590002194 0.0686226343 
9.72754 0.00800 0.0587725819 0.0683929285 
9.72835 0.00800 0.0585453940 0.0681636762 
9.72916 0.00800 0.0583186565 0.0679348785 
9.72997 0.00800 0.0580923263 0.0677064918 
9.73078 0.00800 0.0578664480 0.0674785611 
9.73159 0.00800 0.0576409784 0.0672510428 
9.73239 0.00800 0.0574153467 0.0670233610 
9.73320 0.00800 0.0571906524 0.0667966251 
9.73400 0.00800 0.0569664570 0.0665703925 
9.73480 0.00800 0.0567426291 0.0663445308 
9.73560 0.00800 0.0565192135 0.0661190852 
9.73640 0.00800 0.0562962109 0.0658940563 
9.73719 0.00800 0.0560736219 0.0656694448 
9.73799 0.00800 0.0558514472 0.0654452514 
9.73878 0.00800 0.0556296877 0.0652214769 
9.73957 0.00800 0.0554082997 0.0649980773 
9.74036 0.00800 0.0551873282 0.0647750980 
9.74115 0.00800 0.0549667737 0.0645525395 
9.74194 0.00800 0.0547465929 0.0643303580 
9.74272 0.00800 0.0545268305 0.0641085988 
9.74351 0.00800 0.0543074873 0.0638872626 
9.74429 0.00800 0.0540884754 0.0636662606 
9.74507 0.00800 0.0538698840 0.0634456830 
9.74585 0.00800 0.0536517137 0.0632255304 
9.74663 0.00800 0.0534339209 0.0630057587 
9.74741 0.00800 0.0532165507 0.0627864133 
9.74819 0.00800 0.0529994704 0.0625673606 
9.74896 0.00800 0.0527828583 0.0623487803 
9.74974 0.00800 0.0525666263 0.0621305835 
9.75051 0.00800 0.0523507750 0.0619127709 
9.75128 0.00800 0.0521352604 0.0616952981 
9.75205 0.00800 0.0519202169 0.0614783007 
9.75282 0.00800 0.0517054669 0.0612615993 
9.75358 0.00800 0.0514911445 0.0610453296 
9.75435 0.00800 0.0512771614 0.0608294022 
9.75511 0.00800 0.0510636073 0.0606139077 
9.75587 0.00800 0.0508503491 0.0603987117 
9.75663 0.00800 0.0506386824 0.0601851217 
9.75739 0.00800 0.0504280734 0.0599725991 
9.75815 0.00800 0.0502178532 0.0597604687 
9.75891 0.00800 0.0500080223 0.0595487312 
9.75967 0.00800 0.0497984918 0.0593372969 
9.76042 0.00800 0.0495893518 0.0591262565 
9.76117 0.00800 0.0493806029 0.0589156109 
9.76193 0.00800 0.0491721560 0.0587052699 
9.76268 0.00800 0.0489641462 0.0584953701 
9.76343 0.00800 0.0487559013 0.0582852330 
9.76418 0.00800 0.0485485430 0.0580759906 
9.76492 0.00800 0.0483414439 0.0578670098 
9.76567 0.00800 0.0481340206 0.0576577017 
9.76641 0.00800 0.0479269916 0.0574487916 
9.76716 0.00800 0.0477202228 0.0572401441 
9.76790 0.00800 0.0475138945 0.0570319410 
9.76864 0.00800 0.0473078724 0.0568240469 
9.76938 0.00800 0.0471022019 0.0566165076 
9.77011 0.00800 0.0468969288 0.0564093693 
9.77085 0.00800 0.0466919634 0.0562025415 
9.77159 0.00800 0.0464854571 0.0559941589 
9.77232 0.00800 0.0462784907 0.0557853120 
9.77305 0.00800 0.0460718311 0.0555767745 
9.77379 0.00800 0.0458656141 0.0553686838 
9.77452 0.00800 0.0456596598 0.0551608581 
9.77525 0.00800 0.0454540590 0.0549533891 
9.77597 0.00800 0.0452488121 0.0547462774 
9.77670 0.00800 0.0450439199 0.0545395234 
9.77743 0.00800 0.0448394281 0.0543331735 
9.77815 0.00800 0.0446351561 0.0541270454 
9.77887 0.00800 0.0444312856 0.0539213225 
9.77960 0.00800 0.0442277718 0.0537159595 
9.78032 0.00800 0.0440246154 0.0535109571 
9.78104 0.00800 0.0438217260 0.0533062242 
9.78175 0.00800 0.0436192403 0.0531018987 
9.78247 0.00800 0.0434170682 0.0528978896 
9.78319 0.00800 0.0432152100 0.0526941973 
9.78390 0.00800 0.0430136663 0.0524908223 
9.78462 0.00800 0.0428124375 0.0522877651 
9.78533 0.00800 0.0426116152 0.0520851180 
9.78604 0.00800 0.0424110633 0.0518827439 
9.78675 0.00800 0.0422108735 0.0516807350 
9.78746 0.00800 0.0420110006 0.0514790461 
9.78817 0.00800 0.0418114452 0.0512776775 
9.78887 0.00800 0.0416122534 0.0510766757 
9.78958 0.00800 0.0414133344 0.0508759493 
9.79028 0.00800 0.0412147343 0.0506755446 
9.79099 0.00800 0.0410164993 0.0504755084 
9.79169 0.00800 0.0408185385 0.0502757489 
9.79239 0.00800 0.0406204409 0.0500758513 
9.79309 0.00800 0.0404231212 0.0498767386 
9.79379 0.00800 0.0402261227 0.0496779502 
9.79449 0.00800 0.0400294919 0.0494795327 
9.79518 0.00800 0.0398331376 0.0492813943 
9.79588 0.00800 0.0396371061 0.0490835816 
9.79657 0.00800 0.0399660574 0.0488860488 
9.79727 0.00800 0.0397705742 0.0486888890 
9.79796 0.00800 0.0395754155 0.0484920563 
9.79865 0.00800 0.0393804898 0.0482954586 
9.79934 0.00800 0.0391858893 0.0480991890 
9.80003 0.00800 0.0389916605 0.0479032944 
9.80072 0.00800 0.0387977121 0.0477076823 
9.80140 0.00800 0.0386040443 0.0475123535 
9.80209 0.00800 0.0384107037 0.0473173545 
9.80277 0.00800 0.0382176446 0.0471226396 
9.80346 0.00800 0.0380249597 0.0469283020 
9.80414 0.00800 0.0378324652 0.0467341563 
9.80482 0.00800 0.0376403456 0.0465403890 
9.80550 0.00800 0.0374485556 0.0463469539 
9.80618 0.00800 0.0372570032 0.0461537585 
9.80686 0.00800 0.0370657349 0.0459608497 
9.80753 0.00800 0.0368747974 0.0457682745 
9.80821 0.00800 0.0366841912 0.0455760334 
9.80888 0.00800 0.0364938243 0.0453840337 
9.80956 0.00800 0.0363037894 0.0451923689 
9.81023 0.00800 0.0361140409 0.0450009929 
9.81090 0.00800 0.0359245792 0.0448099061 
9.81157 0.00800 0.0357354972 0.0446192023 
9.81224 0.00800 0.0355468883 0.0444289756 
9.81291 0.00800 0.0353586139 0.0442390864 
9.81358 0.00800 0.0351705819 0.0440494416 
9.81425 0.00800 0.0349828389 0.0438600883 
9.81491 0.00800 0.0347953390 0.0436709802 
9.81558 0.00800 0.0346081754 0.0434822112 
9.81624 0.00800 0.0344213020 0.0432937350 
9.81690 0.00800 0.0342347194 0.0431055520 
9.81756 0.00800 0.0340484280 0.0429176627 
9.81822 0.00800 0.0338623815 0.0427300205 
9.81888 0.00800 0.0336766269 0.0425426727 
9.81954 0.00800 0.0334895816 0.0423540230 
9.82020 0.00800 0.0333025948 0.0421654324 
9.82086 0.00800 0.0331158995 0.0419771358 
9.82151 0.00800 0.0329294962 0.0417891337 
9.82217 0.00800 0.0327433854 0.0416014265 
9.82282 0.00800 0.0325575206 0.0414139676 
9.82347 0.00800 0.0323719492 0.0412268044 
9.82413 0.00800 0.0321866713 0.0410399374 
9.82478 0.00800 0.0320016875 0.0408533669 
9.82543 0.00800 0.0318169513 0.0406670462 
9.82607 0.00800 0.0316324632 0.0404809758 
9.82672 0.00800 0.0314483171 0.0402952502 
9.82737 0.00800 0.0312643730 0.0401097284 
9.82801 0.00800 0.0310807249 0.0399245051 
9.82866 0.00800 0.0308973732 0.0397395807 
9.82930 0.00800 0.0307142714 0.0395549085 
9.82995 0.00800 0.0305314668 0.0393705359 
9.83059 0.00800 0.0303489129 0.0391864162 
9.83123 0.00800 0.0301666569 0.0390025969 
9.83187 0.00800 0.0299846524 0.0388190313 
9.83251 0.00800 0.0298028526 0.0386356722 
9.83315 0.00800 0.0296213989 0.0384526622 
9.83378 0.00800 0.0294401977 0.0382699068 
9.83442 0.00800 0.0292592494 0.0380874065 
9.83506 0.00800 0.0290785543 0.0379051615 
9.83569 0.00800 0.0288981599 0.0377232198 
9.83632 0.00800 0.0287179723 0.0375414867 
9.83696 0.00800 0.0285381332 0.0373601051 
9.83759 0.00800 0.0283584546 0.0371788853 
9.83822 0.00800 0.0281794080 0.0369983031 
9.83885 0.00800 0.0280006643 0.0368180262 
9.83948 0.00800 0.0278221765 0.0366380075 
9.84010 0.00800 0.0276439452 0.0364582474 
9.84073 0.00800 0.0274660177 0.0362787939 
9.84136 0.00800 0.0272883002 0.0360995520 
9.84198 0.00800 0.0271108873 0.0359206175 
9.84261 0.00800 0.0269336850 0.0357418952 
9.84323 0.00800 0.0267567408 0.0355634333 
9.84385 0.00800 0.0265800550 0.0353852321 
9.84448 0.00800 0.0264036281 0.0352072919 
9.84510 0.00800 0.0262269868 0.0350291355 
9.84572 0.00800 0.0260511257 0.0348517660 
9.84634 0.00800 0.0258754297 0.0346745631 
9.84696 0.00800 0.0256999939 0.0344976225 
9.84757 0.00800 0.0255248186 0.0343209447 
9.84819 0.00800 0.0253499041 0.0341445299 
9.84880 0.00800 0.0251752034 0.0339683308 
9.84942 0.00800 0.0250007643 0.0337923954 
9.85003 0.00800 0.0248265869 0.0336167241 
9.85065 0.00800 0.0246526718 0.0334413173 
9.85126 0.00800 0.0244789717 0.0332661274 
9.85187 0.00800 0.0243054869 0.0330911545 
9.85248 0.00800 0.0241323128 0.0329164951 
9.85309 0.00800 0.0239593547 0.0327420535 
9.85370 0.00800 0.0237866605 0.0325678781 
9.85431 0.00800 0.0236141352 0.0323938730 
9.85491 0.00800 0.0234419220 0.0322201827 
9.85552 0.00800 0.0232699260 0.0320467114 
9.85612 0.00800 0.0230981951 0.0318735076 
9.85673 0.00800 0.0229266821 0.0317005235 
9.85733 0.00800 0.0227553872 0.0315277593 
9.85793 0.00800 0.0225843106 0.0313552154 
9.85854 0.00800 0.0224135482 0.0311829883 
9.85914 0.00800 0.0222429570 0.0310109339 
9.85974 0.00800 0.0220726329 0.0308391490 
9.86034 0.00800 0.0219025285 0.0306675855 
9.86094 0.00800 0.0217326439 0.0304962437 
9.86153 0.00800 0.0215630752 0.0303252206 
9.86213 0.00800 0.0213936791 0.0301543716 
9.86273 0.00800 0.0212244559 0.0299836970 
9.86332 0.00800 0.0210555976 0.0298133903 
9.86392 0.00800 0.0208868647 0.0296432102 
9.86451 0.00800 0.0207183535 0.0294732536 
9.86510 0.00800 0.0205501602 0.0293036177 
9.86569 0.00800 0.0203821411 0.0291341575 
9.86629 0.00800 0.0202143446 0.0289649218 
9.86688 0.00800 0.0200467710 0.0287959108 
9.86747 0.00800 0.0198795165 0.0286272217 
9.86805 0.00800 0.0197130624 0.0284593399 
9.86864 0.00800 0.0195469287 0.0282917813 
9.86923 0.00800 0.0193806346 0.0281240608 
9.86982 0.00800 0.0192149983 0.0279570039 
9.87040 0.00800 0.0190495871 0.0277901739 
9.87099 0.00800 0.0188844014 0.0276235714 
9.87157 0.00800 0.0187193932 0.0274571479 
9.87216 0.00800 0.0185546592 0.0272910009 
9.87274 0.00800 0.0183901515 0.0271250822 
9.87332 0.00800 0.0182258222 0.0269593433 
9.87390 0.00800 0.0180617679 0.0267938819 
9.87448 0.00800 0.0178981339 0.0266288444 
9.87506 0.00800 0.0177350172 0.0264643286 
9.87564 0.00800 0.0175720803 0.0262999942 
9.87622 0.00800 0.0174094200 0.0261359388 
9.87679 0.00800 0.0172469401 0.0259720652 
9.87737 0.00800 0.0170847374 0.0258084713 
9.87795 0.00800 0.0169226671 0.0256450109 
9.87852 0.00800 0.0167608263 0.0254817819 
9.87910 0.00800 0.0165992636 0.0253188335 
9.87967 0.00800 0.0164378824 0.0251560681 
9.88024 0.00800 0.0162766831 0.0249934861 
9.88081 0.00800 0.0161157142 0.0248311366 
9.88138 0.00800 0.0159549762 0.0246690199 
9.88195 0.00800 0.0157944207 0.0245070872 
9.88252 0.00800 0.0156340965 0.0243453879 
9.88309 0.00800 0.0154739553 0.0241838732 
9.88366 0.00800 0.0153140460 0.0240225923 
9.88423 0.00800 0.0151543688 0.0238615455 
9.88479 0.00800 0.0149948754 0.0237006841 
9.88536 0.00800 0.0148355174 0.0235399593 
9.88593 0.00800 0.0146764409 0.0233795183 
9.88649 0.00800 0.0145175975 0.0232193126 
9.88705 0.00800 0.0143589390 0.0230592931 
9.88762 0.00800 0.0142004654 0.0228994603 
9.88818 0.00800 0.0140422257 0.0227398634 
9.88874 0.00800 0.0138841228 0.0225804044 
9.88930 0.00800 0.0137263031 0.0224212310 
9.88986 0.00800 0.0135686693 0.0222622452 
9.89042 0.00800 0.0134111730 0.0221033980 
9.89098 0.00800 0.0132539606 0.0219448372 
9.89154 0.00800 0.0130969350 0.0217864647 
9.89209 0.00800 0.0129397055 0.0216278866 
9.89265 0.00800 0.0127830537 0.0214698912 
9.89321 0.00800 0.0126265893 0.0213120848 
9.89376 0.00800 0.0124703613 0.0211545168 
9.89432 0.00800 0.0123143212 0.0209971383 
9.89487 0.00800 0.0121584692 0.0208399495 
9.89542 0.00800 0.0125134512 0.0206830000 
9.89597 0.00800 0.0123579465 0.0205262406 
9.89653 0.00800 0.0122025817 0.0203696222 
9.89708 0.00800 0.0120474550 0.0202132438 
9.89763 0.00800 0.0118925666 0.0200571057 
9.89818 0.00800 0.0117378188 0.0199011093 
9.89872 0.00800 0.0115833098 0.0197453536 
9.89927 0.00800 0.0114289417 0.0195897401 
9.89982 0.00800 0.0112748130 0.0194343677 
9.90037 0.00800 0.0111208747 0.0192791874 
9.90091 0.00800 0.0109671272 0.0191241994 
9.90146 0.00800 0.0108135214 0.0189693542 
9.90200 0.00800 0.0106601559 0.0188147513 
9.90255 0.00800 0.0105069818 0.0186603412 
9.90309 0.00800 0.0103539501 0.0185060747 
9.90363 0.00800 0.0102011594 0.0183520512 
9.90417 0.00800 0.0100485607 0.0181982213 
9.90471 0.00800 0.0098961543 0.0180445852 
9.90526 0.00800 0.0097439404 0.0178911431 
9.90580 0.00800 0.0095918698 0.0177378456 
9.90633 0.00800 0.0094399922 0.0175847425 
9.90687 0.00800 0.0092883571 0.0174318839 
9.90741 0.00800 0.0091369153 0.0172792203 
9.90795 0.00800 0.0089854203 0.0171265028 
9.90848 0.00800 0.0088341189 0.0169739807 
9.90902 0.00800 0.0086829621 0.0168216042 
9.90955 0.00800 0.0085320486 0.0166694731 
9.91009 0.00800 0.0083812801 0.0165174881 
9.91062 0.00800 0.0082307061 0.0163656992 
9.91116 0.00800 0.0080803268 0.0162141065 
9.91169 0.00800 0.0079300930 0.0160626605 
9.91222 0.00800 0.0077801038 0.0159114612 
9.91275 0.00800 0.0076302605 0.0157604089 
9.91328 0.00800 0.0074805633 0.0156095038 
9.91381 0.00800 0.0073307149 0.0154584463 
9.91434 0.00800 0.0071814092 0.0153079360 
9.91487 0.00800 0.0070323495 0.0151576735 
9.91540 0.00800 0.0068833869 0.0150075091 
9.91593 0.00800 0.0067346210 0.0148575428 
9.91645 0.00800 0.0065861016 0.0147078251 
9.91698 0.00800 0.0064377296 0.0145582559 
9.91751 0.00800 0.0062894556 0.0144087855 
9.91803 0.00800 0.0061414287 0.0142595643 
9.91855 0.00800 0.0059935995 0.0141105423 
9.91908 0.00800 0.0058459185 0.0139616697 
9.91960 0.00800 0.0056984355 0.0138129968 
9.92012 0.00800 0.0055511012 0.0136644737 
9.92064 0.00800 0.0054039654 0.0135161507 
9.92117 0.00800 0.0052569784 0.0133679778 
9.92169 0.00800 0.0051102403 0.0132200557 
9.92221 0.00800 0.0049636016 0.0130722338 
9.92272 0.00800 0.0048172122 0.0129246632 
9.92324 0.00800 0.0046709226 0.0127771933 
9.92376 0.00800 0.0045248327 0.0126299246 
9.92428 0.00800 0.0043789428 0.0124828576 
9.92480 0.00800 0.0042332031 0.0123359420 
9.92531 0.00800 0.0040876138 0.0121891781 
9.92583 0.00800 0.0039422252 0.0120426163 
9.92634 0.00800 0.0037969873 0.0118962065 
9.92686 0.00800 0.0036519503 0.0117499993 
9.92737 0.00800 0.0035078146 0.0116047006 
9.92788 0.00800 0.0033640808 0.0114598071 
9.92839 0.00800 0.0032204992 0.0113150671 
9.92891 0.00800 0.0030770700 0.0111704805 
9.92942 0.00800 0.0029338433 0.0110260982 
9.92993 0.00800 0.0027908194 0.0108819203 
9.93044 0.00800 0.0026478984 0.0107378461 
9.93095 0.00800 0.0025051304 0.0105939262 
9.93146 0.00800 0.0023625657 0.0104502112 
9.93196 0.00800 0.0022202047 0.0103067015 
9.93247 0.00800 0.0020779470 0.0101632960 
9.93298 0.00800 0.0019354919 0.0100196915 
9.93349 0.00800 0.0017923871 0.0098754321 
9.93399 0.00800 0.0016495361 0.0097314285 
9.93450 0.00800 0.0015064369 0.0095871746 
9.93500 0.00800 0.0013637423 0.0094433287 
9.93551 0.00800 0.0012213021 0.0092997392 
9.93601 0.00800 0.0010789656 0.0091562543 
9.93651 0.00800 0.0009367833 0.0090129248 
9.93702 0.00800 0.0007948057 0.0088698016 
9.93752 0.00800 0.0006529825 0.0087268341 
9.93802 0.00800 0.0005113645 0.0085840734 
9.93852 0.00800 0.0003699014 0.0084414689 
9.93902 0.00800 0.0002285429 0.0082989699 
9.93952 0.00800 0.0000873397 0.0081566273 
9.94002 0.00800 -0.0000536578 0.0080144922 
9.94052 0.00800 -0.0001944996 0.0078725140 
9.94102 0.00800 -0.0003351857 0.0077306927 
9.94151 0.00800 -0.0004757160 0.0075890286 
9.94201 0.00800 -0.0006160396 0.0074475728 
9.94251 0.00800 -0.0007562574 0.0073062236 
9.94300 0.00800 -0.0008962684 0.0071650830 
9.94350 0.00800 -0.0010361732 0.0070240493 
9.94399 0.00800 -0.0011758707 0.0068832246 
9.94449 0.00800 -0.0013154619 0.0067425072 
9.94498 0.00800 -0.0014548453 0.0066019991 
9.94547 0.00800 -0.0015941221 0.0064615985 
9.94597 0.00800 -0.0017331909 0.0063214077 
9.94646 0.00800 -0.0018721020 0.0061813757 
9.94695 0.00800 -0.0020109060 0.0060414518 
9.94744 0.00800 -0.0021495521 0.0059016870 
9.94793 0.00800 -0.0022879894 0.0057621327 
9.94842 0.00800 -0.0024262684 0.0056227380 
9.94891 0.00800 -0.0025644397 0.0054834519 
9.94940 0.00800 -0.0027024523 0.0053443257 
9.94988 0.00800 -0.0028402555 0.0052054106 
9.95037 0.00800 -0.0029779505 0.0050666046 
9.95086 0.00800 -0.0031154864 0.0049279590 
9.95134 0.00800 -0.0032528122 0.0047895252 
9.95183 0.00800 -0.0033900802 0.0046511496 
9.95232 0.00800 -0.0035271379 0.0045129861 
9.95280 0.00800 -0.0036640357 0.0043749837 
9.95328 0.00800 -0.0038008245 0.0042370911 
9.95377 0.00800 -0.0039374024 0.0040994113 
9.95429 0.00800 -0.0040850671 0.0039505551 
9.95477 0.00800 -0.0042213788 0.0038131436 
9.95526 0.00800 -0.0043574790 0.0036759453 
9.95574 0.00800 -0.0044935203 0.0035388063 
9.95622 0.00800 -0.0046292989 0.0034019322 
9.95670 0.00800 -0.0047650183 0.0032651177 
9.95718 0.00800 -0.0049005255 0.0031285171 
9.95766 0.00800 -0.0050359734 0.0029919764 
9.95814 0.00800 -0.0051711577 0.0028557013 
9.95861 0.00800 -0.0053062824 0.0027194864 
9.95909 0.00800 -0.0054412453 0.0025834345 
9.95957 0.00800 -0.0055760462 0.0024475460 
9.96005 0.00800 -0.0057106849 0.0023118209 
9.96052 0.00800 -0.0058451614 0.0021762594 
9.96100 0.00800 -0.0059794753 0.0020408618 
9.96147 0.00800 -0.0061137289 0.0019055249 
9.96195 0.00800 -0.0062477686 0.0017704037 
9.96242 0.00800 -0.0063816965 0.0016353952 
9.96289 0.00800 -0.0065154613 0.0015005511 
9.96337 0.00800 -0.0066491141 0.0013658200 
9.96384 0.00800 -0.0067825523 0.0012313051 
9.96431 0.00800 -0.0069159294 0.0010968518 
9.96478 0.00800 -0.0070490916 0.0009626152 
9.96525 0.00800 -0.0071821411 0.0008284921 
9.96572 0.00800 -0.0073150267 0.0006945344 
9.96619 0.00800 -0.0074477481 0.0005607421 
9.96666 0.00800 -0.0075804078 0.0004270120 
9.96713 0.00800 -0.0077128517 0.0002934995 
9.96760 0.00800 -0.0078451824 0.0001601011 
9.96807 0.00800 -0.0079773483 0.0000268688 
9.96854 0.00800 -0.0081094263 -0.0001062749 
9.96900 0.00800 -0.0082412879 -0.0002392004 
9.96947 0.00800 -0.0083730613 -0.0003720371 
9.96994 0.00800 -0.0085046695 -0.0005047071 
9.97040 0.00800 -0.0086361635 -0.0006372622 
9.97087 0.00800 -0.0087674662 -0.0007696242 
9.97133 0.00800 -0.0088986802 -0.0009018970 
9.97179 0.00800 -0.0090297283 -0.0010340024 
9.97226 0.00800 -0.0091606617 -0.0011659923 
9.97272 0.00800 -0.0092914290 -0.0012978147 
9.97322 0.00800 -0.0094327733 -0.0014402994 
9.97368 0.00800 -0.0095632623 -0.0015718414 
9.97414 0.00800 -0.0096936105 -0.0017032412 
9.97460 0.00800 -0.0098238176 -0.0018344989 
9.97506 0.00800 -0.0099538834 -0.0019656142 
9.97552 0.00800 -0.0100838080 -0.0020965871 
9.97598 0.00800 -0.0102136168 -0.0022274433 
9.97644 0.00800 -0.0103432583 -0.0023581307 
9.97690 0.00800 -0.0104727838 -0.0024887013 
9.97736 0.00800 -0.0106021674 -0.0026191289 
9.97782 0.00800 -0.0107314348 -0.0027494393 
9.97827 0.00800 -0.0108605084 -0.0028795544 
9.97873 0.00800 -0.0109895172 -0.0030096041 
9.97919 0.00800 -0.0111183319 -0.0031394581 
9.97964 0.00800 -0.0112470558 -0.0032692206 
9.98010 0.00800 -0.0113756111 -0.0033988132 
9.98055 0.00800 -0.0115040753 -0.0035283139 
9.98101 0.00800 -0.0116330957 -0.0036583754 
9.98146 0.00800 -0.0117620512 -0.0037883713 
9.98191 0.00800 -0.0118908380 -0.0039181973 
9.98237 0.00800 -0.0120195338 -0.0040479314 
9.98282 0.00800 -0.0121480605 -0.0041774952 
9.98327 0.00800 -0.0122764700 -0.0043069408 
9.98372 0.00800 -0.0124047622 -0.0044362681 
9.98417 0.00800 -0.0120349186 -0.0045654246 
9.98462 0.00800 -0.0126608900 -0.0046944625 
9.98507 0.00800 -0.0122909142 -0.0048233556 
9.98552 0.00800 -0.0124187481 -0.0049521560 
9.98597 0.00800 -0.0125464120 -0.0050807851 
9.98642 0.00800 -0.0126739317 -0.0052092689 
9.98687 0.00800 -0.0128013332 -0.0053376336 
9.98731 0.00800 -0.0129286421 -0.0054659050 
9.98776 0.00800 -0.0130557805 -0.0055940047 
9.98821 0.00800 -0.0131828002 -0.0057219847 
9.98865 0.00800 -0.0133097011 -0.0058498450 
9.98910 0.00800 -0.0134364571 -0.0059775593 
9.98955 0.00800 -0.0135630679 -0.0061051274 
9.98999 0.00800 -0.0136895856 -0.0062326016 
9.99044 0.00800 -0.0138159320 -0.0063599032 
9.99088 0.00800 -0.0139418720 -0.0064867954 
9.99136 0.00800 -0.0140780485 -0.0066240015 
9.99180 0.00800 -0.0142037259 -0.0067506291 
9.99224 0.00800 -0.0143292834 -0.0068771359 
9.99269 0.00800 -0.0144547469 -0.0070035479 
9.99313 0.00800 -0.0145800641 -0.0071298126 
9.99357 0.00800 -0.0147052610 -0.0072559560 
9.99401 0.00800 -0.0148303375 -0.0073819782 
9.99445 0.00800 -0.0149552673 -0.0075078525 
9.99489 0.00800 -0.0150800503 -0.0076335789 
9.99533 0.00800 -0.0152065957 -0.0077610810 
9.99577 0.00800 -0.0153307713 -0.0078861955 
9.99621 0.00800 -0.0154547994 -0.0080111613 
9.99665 0.00800 -0.0155787062 -0.0081360049 
9.99708 0.00800 -0.0157024653 -0.0082606997 
9.99752 0.00800 -0.0158261553 -0.0083853248 
9.99796 0.00800 -0.0159496711 -0.0085097744 
9.99839 0.00800 -0.0160730912 -0.0086341277 
9.99883 0.00800 -0.0161963633 -0.0087583317 
9.99926 0.00800 -0.0163195394 -0.0088824392 
9.99970 0.00800 -0.0164425934 -0.0090064235 
10.00013 0.00800 -0.0165654727 -0.0091302318 
10.00057 0.00800 -0.0166882820 -0.0092539696 
10.00100 0.00800 -0.0168109687 -0.0093775839 
10.00144 0.00800 -0.0169335066 -0.0095010483 
10.00187 0.00800 -0.0170559217 -0.0096243889 
10.00230 0.00800 -0.0171782403 -0.0097476322 
10.00273 0.00800 -0.0173004095 -0.0098707251 
10.00316 0.00800 -0.0174224820 -0.0099937205 
10.00360 0.00800 -0.0175444050 -0.0101165653 
10.00403 0.00800 -0.0176662310 -0.0102393123 
10.00446 0.00800 -0.0177879335 -0.0103619350 
10.00489 0.00800 -0.0179095124 -0.0104844331 
10.00532 0.00800 -0.0180309414 -0.0106067802 
10.00574 0.00800 -0.0181522993 -0.0107290556 
10.00617 0.00800 -0.0182735069 -0.0108511796 
10.00660 0.00800 -0.0183946169 -0.0109732052 
10.00703 0.00800 -0.0185156028 -0.0110951058 
10.00746 0.00800 -0.0186364381 -0.0112168547 
10.00788 0.00800 -0.0187571755 -0.0113385049 
10.00831 0.00800 -0.0188778147 -0.0114600563 
10.00877 0.00800 -0.0190082244 -0.0115914519 
10.00920 0.00800 -0.0191285908 -0.0117127284 
10.00962 0.00800 -0.0192488325 -0.0118338791 
10.01005 0.00800 -0.0193689756 -0.0119549306 
10.01047 0.00800 -0.0194890203 -0.0120758828 
10.01089 0.00800 -0.0196089133 -0.0121966823 
10.01132 0.00800 -0.0197287076 -0.0123173823 
10.01174 0.00800 -0.0198483765 -0.0124379560 
10.01216 0.00800 -0.0199679200 -0.0125584033 
10.01259 0.00800 -0.0200873644 -0.0126787507 
10.01301 0.00800 -0.0202067096 -0.0127989982 
10.01343 0.00800 -0.0203259026 -0.0129190924 
10.01385 0.00800 -0.0204449697 -0.0130390597 
10.01427 0.00800 -0.0205639638 -0.0131589534 
10.01469 0.00800 -0.0206828318 -0.0132787202 
10.01511 0.00800 -0.0208015471 -0.0133983330 
10.01553 0.00800 -0.0209201891 -0.0135178720 
10.01595 0.00800 -0.0210387313 -0.0136373104 
10.01637 0.00800 -0.0211571203 -0.0137565945 
10.01679 0.00800 -0.0212754359 -0.0138758046 
10.01720 0.00800 -0.0213935716 -0.0139948335 
10.01762 0.00800 -0.0215116601 -0.0141138148 
10.01804 0.00800 -0.0216295951 -0.0142326415 
10.01846 0.00800 -0.0217474297 -0.0143513669 
10.01887 0.00800 -0.0218651636 -0.0144699910 
10.01929 0.00800 -0.0219827703 -0.0145884868 
10.01970 0.00800 -0.0221002496 -0.0147068544 
10.02012 0.00800 -0.0222176547 -0.0148251470 
10.02053 0.00800 -0.0223349321 -0.0149433112 
10.02095 0.00800 -0.0224520819 -0.0150613467 
10.02136 0.00800 -0.0225691305 -0.0151792802 
10.02177 0.00800 -0.0226860779 -0.0152971117 
10.02219 0.00800 -0.0228028972 -0.0154148143 
10.02260 0.00800 -0.0229196152 -0.0155324147 
10.02301 0.00800 -0.0230362315 -0.0156499127 
10.02342 0.00800 -0.0231526929 -0.0157672546 
10.02384 0.00800 -0.0232690792 -0.0158845208 
10.02425 0.00800 -0.0233853636 -0.0160016844 
10.02466 0.00800 -0.0235015194 -0.0161187184 
10.02507 0.00800 -0.0236175999 -0.0162356765 
10.02551 0.00800 -0.0237430222 -0.0163620471 
10.02592 0.00800 -0.0238588742 -0.0164787750 
10.02633 0.00800 -0.0239745705 -0.0165953460 
10.02674 0.00800 -0.0240901644 -0.0167118138 
10.02715 0.00800 -0.0242056824 -0.0168282052 
10.02755 0.00800 -0.0243210711 -0.0169444663 
10.02796 0.00800 -0.0244363572 -0.0170606240 
10.02837 0.00800 -0.0245515136 -0.0171766511 
10.02878 0.00800 -0.0246665940 -0.0172926015 
10.02918 0.00800 -0.0247815446 -0.0174084212 
10.02959 0.00800 -0.0248964188 -0.0175241639 
10.02999 0.00800 -0.0250111632 -0.0176397758 
10.03040 0.00800 -0.0251257775 -0.0177552567 
10.03080 0.00800 -0.0252403152 -0.0178706603 
10.03121 0.00800 -0.0253547227 -0.0179859328 
10.03161 0.00800 -0.0254690535 -0.0181011280 
10.03202 0.00800 -0.0255832538 -0.0182161917 
10.03242 0.00800 -0.0256973772 -0.0183311779 
10.03282 0.00800 -0.0258113699 -0.0184460325 
10.03323 0.00800 -0.0259252587 -0.0185607824 
10.03363 0.00800 -0.0260390436 -0.0186754275 
10.03403 0.00800 -0.0261527243 -0.0187899677 
10.03443 0.00800 -0.0262663009 -0.0189044030 
10.03483 0.00800 -0.0263798000 -0.0190187602 
10.03523 0.00800 -0.0264931680 -0.0191329853 
10.03563 0.00800 -0.0266064046 -0.0192470780 
10.03603 0.00800 -0.0267195635 -0.0193610925 
10.03643 0.00800 -0.0268326447 -0.0194750286 
10.03683 0.00800 -0.0269455674 -0.0195888051 
10.03723 0.00800 -0.0270584390 -0.0197025301 
10.03763 0.00800 -0.0271711789 -0.0198161223 
10.03803 0.00800 -0.0272838138 -0.0199296087 
10.03843 0.00800 -0.0273963435 -0.0200429893 
10.03882 0.00800 -0.0275087681 -0.0201562638 
10.03922 0.00800 -0.0276210875 -0.0202694324 
10.03962 0.00800 -0.0277333284 -0.0203825219 
10.04002 0.00800 -0.0278454638 -0.0204955051 
10.04041 0.00800 -0.0279574938 -0.0206083821 
10.04081 0.00800 -0.0280694181 -0.0207211526 
10.04120 0.00800 -0.0281812098 -0.0208337895 
10.04163 0.00800 -0.0283021165 -0.0209556103 
10.04202 0.00800 -0.0284137259 -0.0210680635 
10.04242 0.00800 -0.0285252293 -0.0211804099 
10.04281 0.00800 -0.0286366535 -0.0212926766 
10.04321 0.00800 -0.0287479447 -0.0214048092 
10.04360 0.00800 -0.0288591566 -0.0215168619 
10.04399 0.00800 -0.0289702352 -0.0216287803 
10.04438 0.00800 -0.0290812614 -0.0217406460 
10.04478 0.00800 -0.0291921811 -0.0218524043 
10.04517 0.00800 -0.0293029673 -0.0219640280 
10.04556 0.00800 -0.0294136738 -0.0220755715 
10.04595 0.00800 -0.0295242465 -0.0221869802 
10.04634 0.00800 -0.0296347664 -0.0222983357 
10.04673 0.00800 -0.0297451794 -0.0224095834 
10.04712 0.00800 -0.0298554854 -0.0225207234 
10.04751 0.00800 -0.0299656843 -0.0226317555 
10.04790 0.00800 -0.0300758031 -0.0227427069 
10.04829 0.00800 -0.0301858146 -0.0228535501 
10.04868 0.00800 -0.0302957188 -0.0229642852 
10.04907 0.00800 -0.0304055156 -0.0230749121 
10.04945 0.00800 -0.0305152590 -0.0231854852 
10.04984 0.00800 -0.0306248677 -0.0232959227 
10.05023 0.00800 -0.0307343688 -0.0234062516 
10.05062 0.00800 -0.0308437891 -0.0235164992 
10.05100 0.00800 -0.0309531288 -0.0236266655 
10.05139 0.00800 -0.0310623333 -0.0237366957 
10.05177 0.00800 -0.0311714570 -0.0238466445 
10.05216 0.00800 -0.0312804998 -0.0239565116 
10.05254 0.00800 -0.0313894615 -0.0240662971 
10.05293 0.00800 -0.0314982606 -0.0241759188 
10.05331 0.00800 -0.0316070328 -0.0242855134 
10.05370 0.00800 -0.0317156695 -0.0243949714 
10.05408 0.00800 -0.0318242247 -0.0245043474 
10.05447 0.00800 -0.0319326715 -0.0246136140 
10.05485 0.00800 -0.0320410367 -0.0247227985 
10.05523 0.00800 -0.0321492930 -0.0248318734 
10.05561 0.00800 -0.0322574406 -0.0249408386 
10.05600 0.00800 -0.0323655337 -0.0250497489 
10.05638 0.00800 -0.0324735178 -0.0251585494 
10.05676 0.00800 -0.0325814744 -0.0252673222 
10.05717 0.00800 -0.0326992638 -0.0253860022 
10.05755 0.00800 -0.0328079853 -0.0254955457 
10.05793 0.00800 -0.0329166526 -0.0256050346 
10.05831 0.00800 -0.0330252110 -0.0257144137 
10.05869 0.00800 -0.0331336604 -0.0258236830 
10.05907 0.00800 -0.0332419734 -0.0259328150 
10.05945 0.00800 -0.0333502591 -0.0260419194 
10.05983 0.00800 -0.0334584083 -0.0261508862 
10.06021 0.00800 -0.0335665028 -0.0262597979 
10.06059 0.00800 -0.0336744879 -0.0263685995 
10.06096 0.00800 -0.0337804793 -0.0264753922 
10.06134 0.00800 -0.0338845849 -0.0265802849 
10.06172 0.00800 -0.0339885791 -0.0266850653 
10.06210 0.00800 -0.0340924890 -0.0267897608 
10.06247 0.00800 -0.0341963146 -0.0268943714 
10.06285 0.00800 -0.0343000560 -0.0269988971 
10.06322 0.00800 -0.0344036855 -0.0271033101 
10.06360 0.00800 -0.0345072305 -0.0272076380 
10.06397 0.00800 -0.0346106910 -0.0273118807 
10.06435 0.00800 -0.0347140669 -0.0274160382 
10.06472 0.00800 -0.0348173307 -0.0275200827 
10.06510 0.00800 -0.0349211121 -0.0276246487 
10.06547 0.00800 -0.0350275201 -0.0277318612 
10.06584 0.00800 -0.0351338175 -0.0278389623 
10.06622 0.00800 -0.0352400314 -0.0279459792 
10.06659 0.00800 -0.0353461893 -0.0280529397 
10.06696 0.00800 -0.0354522089 -0.0281597609 
10.06734 0.00800 -0.0355581723 -0.0282665254 
10.06771 0.00800 -0.0356639972 -0.0283731504 
10.06808 0.00800 -0.0357697932 -0.0284797463 
10.06845 0.00800 -0.0358754506 -0.0285862025 
10.06882 0.00800 -0.0359810516 -0.0286926018 
10.06919 0.00800 -0.0360865411 -0.0287988889 
10.06956 0.00800 -0.0361919741 -0.0289051191 
10.06993 0.00800 -0.0362972681 -0.0290112091 
10.07030 0.00800 -0.0364024779 -0.0291172144 
10.07067 0.00800 -0.0365076585 -0.0292231901 
10.07104 0.00800 -0.0366126997 -0.0293290256 
10.07141 0.00800 -0.0367176566 -0.0294347760 
10.07178 0.00800 -0.0368225017 -0.0295404137 
10.07218 0.00800 -0.0369358993 -0.0296546687 
10.07254 0.00800 -0.0370405773 -0.0297601381 
10.07291 0.00800 -0.0371451706 -0.0298655222 
10.07328 0.00800 -0.0372496793 -0.0299708210 
10.07365 0.00800 -0.0373541031 -0.0300760343 
10.07401 0.00800 -0.0374584420 -0.0301811621 
10.07438 0.00800 -0.0375626961 -0.0302862044 
10.07474 0.00800 -0.0376668375 -0.0303911332 
10.07511 0.00800 -0.0377709215 -0.0304960041 
10.07548 0.00800 -0.0378748928 -0.0306007614 
10.07584 0.00800 -0.0379787788 -0.0307054329 
10.07621 0.00800 -0.0380826072 -0.0308100463 
10.07657 0.00800 -0.0381863226 -0.0309145458 
10.07693 0.00800 -0.0382899527 -0.0310189594 
10.07730 0.00800 -0.0383934696 -0.0311232590 
10.07766 0.00800 -0.0384969562 -0.0312275280 
10.07802 0.00800 -0.0386003020 -0.0313316551 
10.07839 0.00800 -0.0387036173 -0.0314357515 
10.07875 0.00800 -0.0388068192 -0.0315397337 
10.07911 0.00800 -0.0389099078 -0.0316436016 
10.07947 0.00800 -0.0390129380 -0.0317474108 
10.07984 0.00800 -0.0391159099 -0.0318511613 
10.08020 0.00800 -0.0392187406 -0.0319547693 
10.08056 0.00800 -0.0393215127 -0.0320583185 
10.08092 0.00800 -0.0394241987 -0.0321617809 
10.08128 0.00800 -0.0395267985 -0.0322651564 
10.08164 0.00800 -0.0396293120 -0.0323684449 
10.08200 0.00800 -0.0397317392 -0.0324716465 
10.08236 0.00800 -0.0398340799 -0.0325747609 
10.08272 0.00800 -0.0399363341 -0.0326777882 
10.08308 0.00800 -0.0400385295 -0.0327807562 
10.08344 0.00800 -0.0401406105 -0.0328836091 
10.08379 0.00800 -0.0402426326 -0.0329864025 
10.08415 0.00800 -0.0403445402 -0.0330890805 
10.08451 0.00800 -0.0404463887 -0.0331916991 
10.08487 0.00800 -0.0405481225 -0.0332942021 
10.08523 0.00800 -0.0406497972 -0.0333966454 
10.08558 0.00800 -0.0407514125 -0.0334990291 
10.08594 0.00800 -0.0408529131 -0.0336012970 
10.08629 0.00800 -0.0409543265 -0.0337034772 
10.08668 0.00800 -0.0410639564 -0.0338139359 
10.08704 0.00800 -0.0411652251 -0.0339159702 
10.08739 0.00800 -0.0412663786 -0.0340178885 
10.08775 0.00800 -0.0413674447 -0.0341197187 
10.08810 0.00800 -0.0414684788 -0.0342215167 
10.08846 0.00800 -0.0415693977 -0.0343231985 
10.08881 0.00800 -0.0416702289 -0.0344247921 
10.08916 0.00800 -0.0417709725 -0.0345262974 
10.08952 0.00800 -0.0418716283 -0.0346277142 
10.08987 0.00800 -0.0419722241 -0.0347290706 
10.09022 0.00800 -0.0420727320 -0.0348303384 
10.09058 0.00800 -0.0421731521 -0.0349315177 
10.09093 0.00800 -0.0422735120 -0.0350326363 
10.09128 0.00800 -0.0423737838 -0.0351336663 
10.09163 0.00800 -0.0424739675 -0.0352346074 
10.09199 0.00800 -0.0425740352 -0.0353354316 
10.09234 0.00800 -0.0426740703 -0.0354362231 
10.09269 0.00800 -0.0427740172 -0.0355369256 
10.09304 0.00800 -0.0428738477 -0.0356375109 
10.09339 0.00800 -0.0429736456 -0.0357380633 
10.09374 0.00800 -0.0430733550 -0.0358385265 
10.09409 0.00800 -0.0431729480 -0.0359388725 
10.09444 0.00800 -0.0432725080 -0.0360391853 
10.09479 0.00800 -0.0433719516 -0.0361393807 
10.09514 0.00800 -0.0434713063 -0.0362394866 
10.09549 0.00800 -0.0435706281 -0.0363395593 
10.09584 0.00800 -0.0436698331 -0.0364395143 
10.09618 0.00800 -0.0437689771 -0.0365394079 
10.09653 0.00800 -0.0438680321 -0.0366392118 
10.09688 0.00800 -0.0439670259 -0.0367389541 
10.09723 0.00800 -0.0440659027 -0.0368385784 
10.09757 0.00800 -0.0441647183 -0.0369381411 
10.09792 0.00800 -0.0442634725 -0.0370376419 
10.09827 0.00800 -0.0443621095 -0.0371370247 
10.09861 0.00800 -0.0444607131 -0.0372363737 
10.09896 0.00800 -0.0445592272 -0.0373356327 
10.09931 0.00800 -0.0446576239 -0.0374347733 
10.09965 0.00800 -0.0447559870 -0.0375338800 
10.10000 0.00800 -0.0448542604 -0.0376328965 
10.10037 0.00800 -0.0449605431 -0.0377399827 
10.10072 0.00800 -0.0450586109 -0.0378387920 
10.10106 0.00800 -0.0451566451 -0.0379375673 
10.10140 0.00800 -0.0452546173 -0.0380362802 
10.10175 0.00800 -0.0453524996 -0.0381349026 
10.10209 0.00800 -0.0454502639 -0.0382334060 
10.10243 0.00800 -0.0455479943 -0.0383318753 
10.10278 0.00800 -0.0456456345 -0.0384302537 
10.10312 0.00800 -0.0457432126 -0.0385285696 
10.10346 0.00800 -0.0458407005 -0.0386267945 
10.10381 0.00800 -0.0459381262 -0.0387249568 
10.10415 0.00800 -0.0460354334 -0.0388229997 
10.10449 0.00800 -0.0461327064 -0.0389210081 
10.10483 0.00800 -0.0462298890 -0.0390189255 
10.10517 0.00800 -0.0463269810 -0.0391167515 
10.10551 0.00800 -0.0464240386 -0.0392145429 
10.10585 0.00800 -0.0465209775 -0.0393122147 
10.10619 0.00800 -0.0466178537 -0.0394098234 
10.10653 0.00800 -0.0467146393 -0.0395073407 
10.10687 0.00800 -0.0468113902 -0.0396048231 
10.10721 0.00800 -0.0469080503 -0.0397022140 
10.10755 0.00800 -0.0470046194 -0.0397995132 
10.10789 0.00800 -0.0471010975 -0.0398967207 
10.10823 0.00800 -0.0471975409 -0.0399938933 
10.10857 0.00800 -0.0472938931 -0.0400909740 
10.10891 0.00800 -0.0473901542 -0.0401879628 
10.10924 0.00800 -0.0474863522 -0.0402848881 
10.10958 0.00800 -0.0475824870 -0.0403817498 
10.10992 0.00800 -0.0476785305 -0.0404785194 
10.11026 0.00800 -0.0477745108 -0.0405752254 
10.11059 0.00800 -0.0478703997 -0.0406718392 
10.11093 0.00800 -0.0479662252 -0.0407683892 
10.11127 0.00800 -0.0480619591 -0.0408648469 
10.11160 0.00800 -0.0481576578 -0.0409612691 
10.11194 0.00800 -0.0482532365 -0.0410575705 
10.11228 0.00800 -0.0483487800 -0.0411538363 
10.11261 0.00800 -0.0484442599 -0.0412500381 
10.11295 0.00800 -0.0485396196 -0.0413461188 
10.11328 0.00800 -0.0486349157 -0.0414421354 
10.11362 0.00800 -0.0487301763 -0.0415381161 
10.11398 0.00800 -0.0488331493 -0.0416418677 
10.11431 0.00800 -0.0489281992 -0.0417376362 
10.11464 0.00800 -0.0490232417 -0.0418333973 
10.11498 0.00800 -0.0491181638 -0.0419290370 
10.11531 0.00800 -0.0492130218 -0.0420246122 
10.11564 0.00800 -0.0493078158 -0.0421201229 
10.11598 0.00800 -0.0494025174 -0.0422155404 
10.11631 0.00800 -0.0494971548 -0.0423108933 
10.11664 0.00800 -0.0495917564 -0.0424062102 
10.11697 0.00800 -0.0496862653 -0.0425014337 
10.11731 0.00800 -0.0497806817 -0.0425965639 
10.11764 0.00800 -0.0498750337 -0.0426916293 
10.11797 0.00800 -0.0499693213 -0.0427866297 
10.11830 0.00800 -0.0500635445 -0.0428815653 
10.11863 0.00800 -0.0501577032 -0.0429764358 
10.11896 0.00800 -0.0502517690 -0.0430712128 
10.11929 0.00800 -0.0503457418 -0.0431658961 
10.11962 0.00800 -0.0504396783 -0.0432605428 
10.11995 0.00800 -0.0505335218 -0.0433550958 
10.12028 0.00800 -0.0506273289 -0.0434496121 
10.12061 0.00800 -0.0507210144 -0.0435440059 
10.12094 0.00800 -0.0508146634 -0.0436383630 
10.12127 0.00800 -0.0509082476 -0.0437326547 
10.12160 0.00800 -0.0510017384 -0.0438268524 
10.12192 0.00800 -0.0510951642 -0.0439209845 
10.12225 0.00800 -0.0511885250 -0.0440150511 
10.12258 0.00800 -0.0512818207 -0.0441090522 
10.12291 0.00800 -0.0513750228 -0.0442029590 
10.12323 0.00800 -0.0514681882 -0.0442968287 
10.12356 0.00800 -0.0515612599 -0.0443906041 
10.12389 0.00800 -0.0516542662 -0.0444843136 
10.12422 0.00800 -0.0517472073 -0.0445779573 
10.12454 0.00800 -0.0518400830 -0.0446715352 
10.12487 0.00800 -0.0519328647 -0.0447650184 
10.12519 0.00800 -0.0520256095 -0.0448584644 
10.12552 0.00800 -0.0521182602 -0.0449518156 
10.12584 0.00800 -0.0522108454 -0.0450451008 
10.12617 0.00800 -0.0523033650 -0.0451383199 
10.12649 0.00800 -0.0523958188 -0.0452314727 
10.12682 0.00800 -0.0524882070 -0.0453245594 
10.12717 0.00800 -0.0525881169 -0.0454252246 
10.12749 0.00800 -0.0526803466 -0.0455181516 
10.12782 0.00800 -0.0527725104 -0.0456110122 
10.12814 0.00800 -0.0528646082 -0.0457038064 
10.12846 0.00800 -0.0529566687 -0.0457965628 
10.12879 0.00800 -0.0530486346 -0.0458892241 
10.12911 0.00800 -0.0531405059 -0.0459817900 
10.12943 0.00800 -0.0532323397 -0.0460743181 
10.12976 0.00800 -0.0533241073 -0.0461667795 
10.13008 0.00800 -0.0534157801 -0.0462591454 
10.13040 0.00800 -0.0535074153 -0.0463514733 
10.13072 0.00800 -0.0535989555 -0.0464437057 
10.13104 0.00800 -0.0536904580 -0.0465359000 
10.13136 0.00800 -0.0537818942 -0.0466280275 
10.13168 0.00800 -0.0538732353 -0.0467200591 
10.13201 0.00800 -0.0539645099 -0.0468120238 
10.13233 0.00800 -0.0540557180 -0.0469039215 
10.13265 0.00800 -0.0541467450 -0.0469956367 
10.13297 0.00800 -0.0542283421 -0.0470778507 
10.13329 0.00800 -0.0543098974 -0.0471600227 
10.13361 0.00800 -0.0543913822 -0.0472421235 
10.13392 0.00800 -0.0544727965 -0.0473241533 
10.13424 0.00800 -0.0545541402 -0.0474061120 
10.13456 0.00800 -0.0546354419 -0.0474880284 
10.13488 0.00800 -0.0547167016 -0.0475699025 
10.13520 0.00800 -0.0547978906 -0.0476517053 
10.13552 0.00800 -0.0548790376 -0.0477334658 
10.13584 0.00800 -0.0549600851 -0.0478151261 
10.13615 0.00800 -0.0550413200 -0.0478969751 
10.13647 0.00800 -0.0551232014 -0.0479794756 
10.13679 0.00800 -0.0552050124 -0.0480619051 
10.13711 0.00800 -0.0552939861 -0.0481515515 
10.13742 0.00800 -0.0553854185 -0.0482436752 
10.13774 0.00800 -0.0554767842 -0.0483357317 
10.13805 0.00800 -0.0555680831 -0.0484277208 
10.13837 0.00800 -0.0556593439 -0.0485196716 
10.13869 0.00800 -0.0557505090 -0.0486115260 
10.13900 0.00800 -0.0558415785 -0.0487032840 
10.13932 0.00800 -0.0559326098 -0.0487950036 
10.13963 0.00800 -0.0560235740 -0.0488866555 
10.13997 0.00800 -0.0561219485 -0.0489857737 
10.14029 0.00800 -0.0562127801 -0.0490772921 
10.14060 0.00800 -0.0563035446 -0.0491687427 
10.14092 0.00800 -0.0563942418 -0.0492601256 
10.14123 0.00800 -0.0564848717 -0.0493514408 
10.14154 0.00800 -0.0565754631 -0.0494427171 
10.14186 0.00800 -0.0566659584 -0.0495338966 
10.14217 0.00800 -0.0567564151 -0.0496250372 
10.14248 0.00800 -0.0568467756 -0.0497160808 
10.14280 0.00800 -0.0569370974 -0.0498070855 
10.14311 0.00800 -0.0570273227 -0.0498979930 
10.14342 0.00800 -0.0571174806 -0.0499888325 
10.14373 0.00800 -0.0572076285 -0.0500796619 
10.14405 0.00800 -0.0572976510 -0.0501703651 
10.14436 0.00800 -0.0573876346 -0.0502610290 
10.14467 0.00800 -0.0574775793 -0.0503516538 
10.14498 0.00800 -0.0575674274 -0.0504421812 
10.14529 0.00800 -0.0576572077 -0.0505326402 
10.14560 0.00800 -0.0577469489 -0.0506230599 
10.14591 0.00800 -0.0578365932 -0.0507133820 
10.14622 0.00800 -0.0579261985 -0.0508036647 
10.14653 0.00800 -0.0580157358 -0.0508938789 
10.14684 0.00800 -0.0581052049 -0.0509840245 
10.14715 0.00800 -0.0581946349 -0.0510741306 
10.14746 0.00800 -0.0582839389 -0.0511641098 
10.14777 0.00800 -0.0583732325 -0.0512540785 
10.14808 0.00800 -0.0584624578 -0.0513439784 
10.14839 0.00800 -0.0585516149 -0.0514338095 
10.14870 0.00800 -0.0586406747 -0.0515235427 
10.14901 0.00800 -0.0587297239 -0.0516132652 
10.14932 0.00800 -0.0588186758 -0.0517028896 
10.14962 0.00800 -0.0589075882 -0.0517924742 
10.14993 0.00800 -0.0589964320 -0.0518819897 
10.15024 0.00800 -0.0590851784 -0.0519714071 
10.15055 0.00800 -0.0591738851 -0.0520607844 
10.15085 0.00800 -0.0592625521 -0.0521501218 
10.15116 0.00800 -0.0593511215 -0.0522393608 
10.15147 0.00800 -0.0594396800 -0.0523285889 
10.15177 0.00800 -0.0595281119 -0.0524176893 
