7.00000 0.00020 1.0499269655 1.2995533132 
7.30103 0.00020 0.9393854667 1.0687468239 
7.47712 0.00020 0.8682014322 0.9593571159 
7.60206 0.00020 0.8158006997 0.8885460972 
7.69897 0.00020 0.7737214022 0.8342830228 
7.77815 0.00020 0.7389796249 0.7927902373 
7.84510 0.00020 0.7103010341 0.7586891806 
7.90309 0.00020 0.6845497884 0.7295403324 
7.95424 0.00020 0.6627258061 0.7045071212 
8.00000 0.00020 0.6422143101 0.6826173275 
8.04139 0.00020 0.6247989881 0.6630687032 
8.07918 0.00020 0.6082980747 0.6453366690 
8.11394 0.00020 0.5931906746 0.6290476514 
8.14613 0.00020 0.5794331342 0.6141548237 
8.17609 0.00020 0.5659659406 0.6003915722 
8.20412 0.00020 0.5542275131 0.5875834434 
8.23045 0.00020 0.5425794222 0.5756853679 
8.25527 0.00020 0.5323975832 0.5644855817 
8.27875 0.00020 0.5221257555 0.5539986645 
8.30103 0.00020 0.5123809355 0.5440497907 
8.32222 0.00020 0.5039969457 0.5347064290 
8.34242 0.00020 0.4952910569 0.5258227783 
8.36173 0.00020 0.4869783084 0.5173402953 
8.38021 0.00020 0.4791482383 0.5093503463 
8.39794 0.00020 0.4716378267 0.5016865827 
8.41497 0.00020 0.4644220152 0.4943234346 
8.43136 0.00020 0.4575694423 0.4873309419 
8.44716 0.00020 0.4510048195 0.4806322788 
8.46240 0.00020 0.4446706077 0.4741687314 
8.47712 0.00020 0.4385511556 0.4679243288 
8.49136 0.00020 0.4326993578 0.4619530455 
8.50515 0.00020 0.4270883944 0.4562275142 
8.51851 0.00020 0.4216500754 0.4506781525 
8.53148 0.00020 0.4163741444 0.4452944945 
8.54407 0.00020 0.4112511866 0.4400669331 
8.55630 0.00020 0.4063091966 0.4350240347 
8.56820 0.00020 0.4015878625 0.4302062977 
8.57978 0.00020 0.3969924430 0.4255170462 
8.59106 0.00020 0.3925163869 0.4209495954 
8.60206 0.00020 0.3874450357 0.4164977663 
8.61278 0.00020 0.3831922260 0.4121559039 
8.62325 0.00020 0.3790418778 0.4079186485 
8.63347 0.00020 0.3749872285 0.4037790959 
8.64345 0.00020 0.3710357905 0.3997449159 
8.65321 0.00020 0.3664749236 0.3958014166 
8.66276 0.00020 0.3626991278 0.3919445868 
8.67210 0.00020 0.3590045109 0.3881706782 
8.68124 0.00020 0.3553877277 0.3844762737 
8.69020 0.00020 0.3518454881 0.3808580126 
8.69897 0.00020 0.3490638260 0.3773128643 
8.70757 0.00020 0.3456601664 0.3738379329 
8.71600 0.00020 0.3423145976 0.3704223088 
8.72428 0.00020 0.3390238809 0.3670626854 
8.73239 0.00020 0.3357950333 0.3637662266 
8.74036 0.00020 0.3327726419 0.3606805471 
8.74819 0.00020 0.3298287353 0.3576749959 
8.75587 0.00020 0.3269391120 0.3547248646 
8.76343 0.00020 0.3241717395 0.3518995441 
8.77085 0.00020 0.3214678243 0.3491390096 
8.77815 0.00020 0.3188059969 0.3464214442 
8.78533 0.00020 0.3161772327 0.3437376344 
8.79239 0.00020 0.3135736043 0.3410794868 
8.79934 0.00020 0.3110116335 0.3384638689 
8.80618 0.00020 0.3078240805 0.3358918430 
8.81291 0.00020 0.3053519296 0.3333666364 
8.81954 0.00020 0.3029184139 0.3308808939 
8.82607 0.00020 0.3005214753 0.3284325136 
8.83251 0.00020 0.2981536320 0.3260138530 
8.83885 0.00020 0.2958794840 0.3236908985 
8.84510 0.00020 0.2936380853 0.3214013962 
8.85126 0.00020 0.2914284165 0.3191443048 
8.85733 0.00020 0.2892469317 0.3169160023 
8.86332 0.00020 0.2871259001 0.3147494504 
8.86923 0.00020 0.2850336671 0.3126123151 
8.87506 0.00020 0.2823139421 0.3105038703 
8.88081 0.00020 0.2802756007 0.3084207187 
8.88649 0.00020 0.2782695700 0.3063705882 
8.89209 0.00020 0.2762899713 0.3043474707 
8.89763 0.00020 0.2743356037 0.3023501389 
8.90309 0.00020 0.2724033331 0.3003753900 
8.90849 0.00020 0.2704975295 0.2984276899 
8.91381 0.00020 0.2686151091 0.2965038871 
8.91908 0.00020 0.2667803027 0.2946287449 
8.92428 0.00020 0.2649536751 0.2927619614 
8.92942 0.00020 0.2631509999 0.2909196569 
8.93450 0.00020 0.2607245164 0.2890988790 
8.93952 0.00020 0.2589644087 0.2872991575 
8.94448 0.00020 0.2572283041 0.2855239795 
8.94939 0.00020 0.2555290404 0.2837864715 
8.95424 0.00020 0.2538487896 0.2820684043 
8.95904 0.00020 0.2521870882 0.2803693040 
8.96379 0.00020 0.2505414357 0.2786866138 
8.96848 0.00020 0.2489156831 0.2770242714 
8.97313 0.00020 0.2473073181 0.2753797079 
8.97772 0.00020 0.2457189617 0.2737556033 
8.98227 0.00020 0.2435089778 0.2721465950 
8.98677 0.00020 0.2419544450 0.2705562618 
8.99123 0.00020 0.2404158831 0.2689822673 
8.99564 0.00020 0.2388929130 0.2674242237 
9.00000 0.00020 0.2373833361 0.2658798818 
9.00432 0.00020 0.2358878936 0.2643499996 
9.00860 0.00020 0.2343941273 0.2628218324 
9.01284 0.00020 0.2329149390 0.2613085789 
9.01703 0.00020 0.2314500270 0.2598099304 
9.02119 0.00020 0.2299991666 0.2583256571 
9.02531 0.00020 0.2285620152 0.2568554086 
9.02938 0.00020 0.2271383922 0.2553990000 
9.03342 0.00020 0.2257280275 0.2539561550 
9.03743 0.00020 0.2243288625 0.2525247677 
9.04139 0.00020 0.2229413078 0.2511052581 
9.04532 0.00020 0.2215663185 0.2496986032 
9.04922 0.00020 0.2202036603 0.2483045634 
9.05308 0.00020 0.2188531228 0.2469229235 
9.05690 0.00020 0.2175144622 0.2455534339 
9.06070 0.00020 0.2161875163 0.2441959289 
9.06446 0.00020 0.2148720614 0.2428501795 
9.06818 0.00020 0.2135684496 0.2415165459 
9.07188 0.00020 0.2122334880 0.2401508406 
9.07554 0.00020 0.2109097925 0.2387966608 
9.07918 0.00020 0.2095971888 0.2374538283 
9.08278 0.00020 0.2082954405 0.2361221011 
9.08636 0.00020 0.2070044242 0.2348013531 
9.08990 0.00020 0.2057239548 0.2334913949 
9.09342 0.00020 0.2044538433 0.2321920332 
9.09691 0.00020 0.2031939567 0.2309031317 
9.10037 0.00020 0.2019397746 0.2296200662 
9.10380 0.00020 0.2012251724 0.2282604193 
9.10721 0.00020 0.1999058701 0.2269114243 
9.11059 0.00020 0.1985968548 0.2255729477 
9.11394 0.00020 0.1972979321 0.2242447910 
9.11727 0.00020 0.1960089651 0.2229268139 
9.12057 0.00020 0.1953409284 0.2216188732 
9.12385 0.00020 0.1940707691 0.2203207912 
9.12710 0.00020 0.1928101101 0.2190324182 
9.13033 0.00020 0.1915588632 0.2177536644 
9.13353 0.00020 0.1907046212 0.2156376597 
9.13671 0.00020 0.1897139839 0.2133868642 
9.13987 0.00020 0.1881290167 0.2111524245 
9.14301 0.00020 0.1871624108 0.2089341107 
9.14613 0.00020 0.1862025561 0.2067271804 
9.14922 0.00020 0.1852582399 0.2045405295 
9.15229 0.00020 0.1840869680 0.2033502028 
9.15534 0.00020 0.1830387622 0.2022849444 
9.15836 0.00020 0.1820240050 0.2012536787 
9.16137 0.00020 0.1809921825 0.2002050700 
9.16435 0.00020 0.1799626933 0.1991588327 
9.16732 0.00020 0.1789402093 0.1981197145 
9.17026 0.00020 0.1779247220 0.1970877068 
9.17318 0.00020 0.1769160276 0.1960626025 
9.17609 0.00020 0.1759140826 0.1950443575 
9.17897 0.00020 0.1749188098 0.1940328932 
9.18184 0.00020 0.1739300982 0.1930280967 
9.18469 0.00020 0.1729478348 0.1920298535 
9.18752 0.00020 0.1719670493 0.1910331122 
9.19033 0.00020 0.1709368750 0.1899861785 
9.19312 0.00020 0.1699133115 0.1889459632 
9.19590 0.00020 0.1694905335 0.1879123865 
9.19865 0.00020 0.1684785790 0.1868844916 
9.20139 0.00020 0.1674718320 0.1858618863 
9.20412 0.00020 0.1664751969 0.1848495521 
9.20682 0.00020 0.1654855458 0.1838443120 
9.20951 0.00020 0.1645019960 0.1828452693 
9.21218 0.00020 0.1635244943 0.1818523700 
9.21484 0.00020 0.1625529532 0.1808655251 
9.21748 0.00020 0.1621775884 0.1798847127 
9.22010 0.00020 0.1612173139 0.1789098073 
9.22271 0.00020 0.1602628343 0.1779407850 
9.22530 0.00020 0.1593291549 0.1769928799 
9.22788 0.00020 0.1584222305 0.1760721375 
9.23044 0.00020 0.1575206363 0.1751568065 
9.23299 0.00020 0.1566243758 0.1742468904 
9.23552 0.00020 0.1557332814 0.1733422192 
9.23804 0.00020 0.1548474237 0.1724428644 
9.24054 0.00020 0.1539659802 0.1715479910 
9.24303 0.00020 0.1530864690 0.1706550795 
9.24551 0.00020 0.1522120104 0.1697672975 
9.24797 0.00020 0.1513444020 0.1688864701 
9.25041 0.00020 0.1504834122 0.1680123621 
9.25285 0.00020 0.1502111086 0.1671431503 
9.25527 0.00020 0.1493571029 0.1662765730 
9.25768 0.00020 0.1485100004 0.1654170004 
9.26007 0.00020 0.1476675401 0.1645621384 
9.26245 0.00020 0.1468297179 0.1637119827 
9.26482 0.00020 0.1460145524 0.1628848174 
9.26717 0.00020 0.1452164154 0.1620749312 
9.26951 0.00020 0.1444225592 0.1612693887 
9.27184 0.00020 0.1436329399 0.1604681456 
9.27416 0.00020 0.1428475837 0.1596712283 
9.27646 0.00020 0.1420663045 0.1588784480 
9.27875 0.00020 0.1412892336 0.1580899381 
9.28103 0.00020 0.1405162191 0.1573055441 
9.28330 0.00020 0.1397472498 0.1565252550 
9.28556 0.00020 0.1389766469 0.1557433082 
9.28780 0.00020 0.1382078680 0.1549632122 
9.29003 0.00020 0.1374430001 0.1541870849 
9.29225 0.00020 0.1366821027 0.1534149864 
9.29446 0.00020 0.1359299740 0.1526517858 
9.29666 0.00020 0.1351855481 0.1518964013 
9.29885 0.00020 0.1344449406 0.1511448915 
9.30103 0.00020 0.1337079933 0.1503970957 
9.30319 0.00020 0.1329747634 0.1496530721 
9.30535 0.00020 0.1322465759 0.1489141651 
9.30749 0.00020 0.1315222980 0.1481792252 
9.30963 0.00020 0.1308015156 0.1474478324 
9.31175 0.00020 0.1300842850 0.1467200435 
9.31386 0.00020 0.1293705895 0.1459958418 
9.31597 0.00020 0.1286603028 0.1452750991 
9.31806 0.00020 0.1279534439 0.1445578347 
9.32014 0.00020 0.1272499952 0.1438440307 
9.32222 0.00020 0.1265499020 0.1431336315 
9.32428 0.00020 0.1258531091 0.1424265813 
9.32633 0.00020 0.1251595978 0.1417228609 
9.32838 0.00020 0.1244694228 0.1410225259 
9.33041 0.00020 0.1237796842 0.1403226339 
9.33243 0.00020 0.1236601125 0.1396228133 
9.33445 0.00020 0.1229732439 0.1389261869 
9.33645 0.00020 0.1222896160 0.1382328475 
9.33845 0.00020 0.1216090975 0.1375426615 
9.34044 0.00020 0.1209317050 0.1368556460 
9.34242 0.00020 0.1202565968 0.1361709472 
9.34439 0.00020 0.1195908478 0.1354957406 
9.34635 0.00020 0.1189281038 0.1348235817 
9.34830 0.00020 0.1182742650 0.1341604545 
9.35025 0.00020 0.1176368061 0.1335139399 
9.35218 0.00020 0.1170022313 0.1328703503 
9.35411 0.00020 0.1163704419 0.1322295856 
9.35603 0.00020 0.1157414138 0.1315916216 
9.35793 0.00020 0.1151151606 0.1309564719 
9.35983 0.00020 0.1144916582 0.1303241120 
9.36173 0.00020 0.1138708819 0.1296945169 
9.36361 0.00020 0.1126879529 0.1290676233 
9.36549 0.00020 0.1120728667 0.1284434825 
9.36735 0.00020 0.1108961993 0.1278219921 
9.36921 0.00020 0.1102866590 0.1272031647 
9.37107 0.00020 0.1091161790 0.1265870131 
9.37291 0.00020 0.1085121147 0.1259734336 
9.37475 0.00020 0.1073476702 0.1253624773 
9.37657 0.00020 0.1067490108 0.1247540786 
9.37840 0.00020 0.1056277477 0.1241860975 
9.38021 0.00020 0.1050748464 0.1236239156 
9.38201 0.00020 0.1039624071 0.1230640467 
9.38381 0.00020 0.1034143827 0.1225065400 
9.38560 0.00020 0.1023073953 0.1219513662 
9.38739 0.00020 0.1012031103 0.1213983787 
9.38916 0.00020 0.1006623530 0.1208477043 
9.39093 0.00020 0.0995633312 0.1202992350 
9.39269 0.00020 0.0990272641 0.1197530586 
9.39445 0.00020 0.0978865204 0.1191612210 
9.39620 0.00020 0.0972453783 0.1185076549 
9.39794 0.00020 0.0966068318 0.1178567347 
9.39967 0.00020 0.0954118942 0.1172083554 
9.40140 0.00020 0.0947787460 0.1165626089 
9.40312 0.00020 0.0941480368 0.1159193498 
9.40483 0.00020 0.0929619772 0.1152787097 
9.40654 0.00020 0.0923365799 0.1146405427 
9.40824 0.00020 0.0978437492 0.1140049008 
9.40993 0.00020 0.0905361788 0.1133717168 
9.41162 0.00020 0.0899184008 0.1127410027 
9.41330 0.00020 0.0959789899 0.1121126907 
9.41497 0.00020 0.0953606326 0.1114852307 
9.41664 0.00020 0.0947462423 0.1108617962 
9.41830 0.00020 0.0941341751 0.1102407188 
9.41996 0.00020 0.0935244421 0.1096220100 
9.42160 0.00020 0.0929170148 0.1090056409 
9.42325 0.00020 0.0923131367 0.1083928732 
9.42488 0.00020 0.0917121075 0.1077829964 
9.42651 0.00020 0.0911132627 0.1071753361 
9.42813 0.00020 0.0905166525 0.1065699434 
9.42975 0.00020 0.0899223276 0.1059668695 
9.43136 0.00020 0.0893301384 0.1053659628 
9.43297 0.00020 0.0887401752 0.1047673148 
9.43457 0.00020 0.0887047296 0.1041708546 
9.43616 0.00020 0.0881198769 0.1035776935 
9.43775 0.00020 0.0875496879 0.1029994044 
9.43933 0.00020 0.0869815208 0.1024231660 
9.44091 0.00020 0.0864156675 0.1018492742 
9.44248 0.00020 0.0858794266 0.1013054154 
9.44404 0.00020 0.0853450633 0.1007634609 
9.44560 0.00020 0.0848127072 0.1002235422 
9.44716 0.00020 0.0842821636 0.0996854617 
9.44870 0.00020 0.0837535621 0.0991493509 
9.45025 0.00020 0.0832268292 0.0986151352 
9.45178 0.00020 0.0827019727 0.0980828226 
9.45332 0.00020 0.0821789187 0.0975523381 
9.45484 0.00020 0.0816577563 0.0970237721 
9.45636 0.00020 0.0811383705 0.0964970080 
9.45788 0.00020 0.0806208915 0.0959721776 
9.45939 0.00020 0.0801050809 0.0954490394 
9.46090 0.00020 0.0795911096 0.0949277667 
9.46240 0.00020 0.0790789852 0.0944083670 
9.46389 0.00020 0.0785685504 0.0938906810 
9.46538 0.00020 0.0780598943 0.0933747990 
9.46686 0.00020 0.0775529417 0.0928606446 
9.46834 0.00020 0.0770477404 0.0923482664 
9.46982 0.00020 0.0770696959 0.0918165934 
9.47129 0.00020 0.0765425330 0.0912822127 
9.47275 0.00020 0.0760172071 0.0907496943 
9.47421 0.00020 0.0754936429 0.0902189616 
9.47567 0.00020 0.0749717645 0.0896899378 
9.47712 0.00020 0.0744503726 0.0891614072 
9.47857 0.00020 0.0739320102 0.0886359474 
9.48001 0.00020 0.0734153546 0.0881122180 
9.48144 0.00020 0.0729004130 0.0875902259 
9.48287 0.00020 0.0723939210 0.0870767993 
9.48430 0.00020 0.0724444072 0.0865769741 
9.48572 0.00020 0.0719526520 0.0860787386 
9.48714 0.00020 0.0714624719 0.0855820990 
9.48855 0.00020 0.0709738731 0.0850870615 
9.48996 0.00020 0.0704869456 0.0845937173 
9.49136 0.00020 0.0700015273 0.0841019022 
9.49276 0.00020 0.0695176662 0.0836116648 
9.49415 0.00020 0.0690544410 0.0831423353 
9.49554 0.00020 0.0685995429 0.0826814426 
9.49693 0.00020 0.0681460644 0.0822219882 
9.49831 0.00020 0.0676940529 0.0817640201 
9.49969 0.00020 0.0672434710 0.0813075005 
9.50106 0.00020 0.0667943238 0.0808524345 
9.50243 0.00020 0.0663465738 0.0803987841 
9.50379 0.00020 0.0659001835 0.0799465113 
9.50515 0.00020 0.0654552852 0.0794957502 
9.50650 0.00020 0.0650117137 0.0790463333 
9.50785 0.00020 0.0651090850 0.0785983085 
9.50920 0.00020 0.0646680855 0.0781517239 
9.51054 0.00020 0.0642284275 0.0777064978 
9.51188 0.00020 0.0637901156 0.0772626348 
9.51322 0.00020 0.0633531543 0.0768201396 
9.51455 0.00020 0.0629175484 0.0763790168 
9.51587 0.00020 0.0624832164 0.0759391842 
9.51719 0.00020 0.0620502487 0.0755007331 
9.51851 0.00020 0.0616185639 0.0750635812 
9.51983 0.00020 0.0611808041 0.0746202773 
9.52114 0.00020 0.0607334602 0.0741672680 
9.52244 0.00020 0.0602873750 0.0737155333 
9.52374 0.00020 0.0598426824 0.0732652088 
9.52504 0.00020 0.0593993007 0.0728162118 
9.52634 0.00020 0.0589572346 0.0723685471 
9.52763 0.00020 0.0590527177 0.0719222191 
9.52891 0.00020 0.0586130302 0.0714771885 
9.53020 0.00020 0.0581747159 0.0710335478 
9.53148 0.00020 0.0577459529 0.0705995746 
9.53275 0.00020 0.0573324278 0.0701810244 
9.53403 0.00020 0.0569201154 0.0697637016 
9.53529 0.00020 0.0565090198 0.0693476104 
9.53656 0.00020 0.0560991447 0.0689327546 
9.53782 0.00020 0.0556904067 0.0685190496 
9.53908 0.00020 0.0552829405 0.0681066320 
9.54033 0.00020 0.0548765314 0.0676952842 
9.54158 0.00020 0.0544713579 0.0672851871 
9.54282 0.00020 0.0540673362 0.0668762557 
9.54407 0.00020 0.0536645138 0.0664685383 
9.54531 0.00020 0.0532627627 0.0660619051 
9.54654 0.00020 0.0528622181 0.0656564931 
9.54777 0.00020 0.0524627958 0.0652522171 
9.54900 0.00020 0.0520644551 0.0648490358 
9.55023 0.00020 0.0516672876 0.0644470420 
9.55145 0.00020 0.0518129038 0.0640556653 
9.55267 0.00020 0.0514325319 0.0636708660 
9.55388 0.00020 0.0510532382 0.0632871575 
9.55509 0.00020 0.0506749817 0.0629044982 
9.55630 0.00020 0.0502978097 0.0625229360 
9.55751 0.00020 0.0499217253 0.0621424741 
9.55871 0.00020 0.0495465541 0.0617629361 
9.55990 0.00020 0.0491725210 0.0613845494 
9.56110 0.00020 0.0487994958 0.0610071823 
9.56229 0.00020 0.0484274815 0.0606308378 
9.56348 0.00020 0.0480564809 0.0602555188 
9.56466 0.00020 0.0476865415 0.0598812735 
9.56585 0.00020 0.0473175325 0.0595079694 
9.56702 0.00020 0.0469495906 0.0591357447 
9.56820 0.00020 0.0465826293 0.0587645121 
9.56937 0.00020 0.0462166067 0.0583942292 
9.57054 0.00020 0.0458515703 0.0580249439 
9.57171 0.00020 0.0454876125 0.0576567497 
9.57287 0.00020 0.0451245120 0.0572894228 
9.57403 0.00020 0.0447624508 0.0569231473 
9.57519 0.00020 0.0443924912 0.0565488815 
9.57634 0.00020 0.0440234266 0.0561755211 
9.57749 0.00020 0.0436553496 0.0558031598 
9.57864 0.00020 0.0432882180 0.0554317549 
9.57978 0.00020 0.0429210877 0.0550603513 
9.58092 0.00020 0.0425558992 0.0546909122 
9.58206 0.00020 0.0421916191 0.0543223920 
9.58320 0.00020 0.0418283404 0.0539548848 
9.58433 0.00020 0.0414660206 0.0535883478 
9.58546 0.00020 0.0416355686 0.0532268597 
9.58659 0.00020 0.0412809345 0.0528682792 
9.58771 0.00020 0.0409271416 0.0525105493 
9.58883 0.00020 0.0405743284 0.0521538101 
9.58995 0.00020 0.0402224068 0.0517979723 
9.59106 0.00020 0.0398713792 0.0514430384 
9.59218 0.00020 0.0395212024 0.0510889649 
9.59329 0.00020 0.0391719699 0.0507358461 
9.59439 0.00020 0.0388236387 0.0503836387 
9.59550 0.00020 0.0384762112 0.0500323450 
9.59660 0.00020 0.0381295984 0.0496818751 
9.59769 0.00020 0.0377838940 0.0493323237 
9.59879 0.00020 0.0374390546 0.0489836471 
9.59988 0.00020 0.0370950827 0.0486358474 
9.60097 0.00020 0.0367519803 0.0482889270 
9.60206 0.00020 0.0364097500 0.0479428883 
9.60314 0.00020 0.0360683480 0.0475976872 
9.60422 0.00020 0.0357278226 0.0472533724 
9.60530 0.00020 0.0353881300 0.0469098997 
9.60638 0.00020 0.0350492724 0.0465672714 
9.60745 0.00020 0.0347112521 0.0462254896 
9.60852 0.00020 0.0343740712 0.0458845565 
9.60959 0.00020 0.0340377319 0.0455444745 
9.61066 0.00020 0.0337021902 0.0452051989 
9.61172 0.00020 0.0333674945 0.0448667787 
9.61278 0.00020 0.0330336468 0.0445292160 
9.61384 0.00020 0.0327039793 0.0441958799 
9.61490 0.00020 0.0323767430 0.0438650021 
9.61595 0.00020 0.0320502762 0.0435349024 
9.61700 0.00020 0.0317246272 0.0432056296 
9.61805 0.00020 0.0313997980 0.0428771857 
9.61909 0.00020 0.0310756979 0.0425494791 
9.62013 0.00020 0.0307523751 0.0422225584 
9.62117 0.00020 0.0304297852 0.0418963786 
9.62221 0.00020 0.0301080229 0.0415710358 
9.62325 0.00020 0.0297862056 0.0412456374 
9.62428 0.00020 0.0294660110 0.0409218796 
9.62531 0.00020 0.0291465568 0.0405988705 
9.62634 0.00020 0.0293481966 0.0402765647 
9.62737 0.00020 0.0290300679 0.0399550585 
9.62839 0.00020 0.0287126853 0.0396343064 
9.62941 0.00020 0.0283960509 0.0393143103 
9.63043 0.00020 0.0280802133 0.0389951195 
9.63144 0.00020 0.0277650337 0.0386765938 
9.63246 0.00020 0.0274483098 0.0383565072 
9.63347 0.00020 0.0271297095 0.0380345244 
9.63448 0.00020 0.0268118122 0.0377132521 
9.63548 0.00020 0.0264946666 0.0373927394 
9.63649 0.00020 0.0261781805 0.0370728932 
9.63749 0.00020 0.0258624967 0.0367538579 
9.63849 0.00020 0.0255475700 0.0364355877 
9.63949 0.00020 0.0252333552 0.0361180370 
9.64048 0.00020 0.0249198068 0.0358011596 
9.64147 0.00020 0.0246118833 0.0354899670 
9.64246 0.00020 0.0243091718 0.0351840416 
9.64345 0.00020 0.0240070978 0.0348787606 
9.64444 0.00020 0.0231881644 0.0345741733 
9.64542 0.00020 0.0228876641 0.0342703290 
9.64640 0.00020 0.0225878531 0.0339671818 
9.64738 0.00020 0.0222886382 0.0336646372 
9.64836 0.00020 0.0219901630 0.0333628406 
9.64933 0.00020 0.0216923343 0.0330616977 
9.65031 0.00020 0.0213951062 0.0327611620 
9.65128 0.00020 0.0216151115 0.0324613791 
9.65224 0.00020 0.0213191292 0.0321622544 
9.65321 0.00020 0.0210237999 0.0318637896 
9.65417 0.00020 0.0207291248 0.0315659861 
9.65514 0.00020 0.0204351057 0.0312688454 
9.65610 0.00020 0.0201417438 0.0309723690 
9.65705 0.00020 0.0198490408 0.0306765584 
9.65801 0.00020 0.0195569503 0.0303813669 
9.65896 0.00020 0.0192654737 0.0300867957 
9.65991 0.00020 0.0189747081 0.0297929431 
9.66086 0.00020 0.0186845594 0.0294997139 
9.66181 0.00020 0.0183949809 0.0292070610 
9.66276 0.00020 0.0181053509 0.0289143562 
9.66370 0.00020 0.0178170603 0.0286230049 
9.66464 0.00020 0.0175293921 0.0283322825 
9.66558 0.00020 0.0172423957 0.0280422391 
9.66652 0.00020 0.0169559763 0.0277527789 
9.66745 0.00020 0.0166701835 0.0274639518 
9.66839 0.00020 0.0163850184 0.0271757593 
9.66932 0.00020 0.0161004345 0.0268881540 
9.67025 0.00020 0.0158164811 0.0266011859 
9.67117 0.00020 0.0155331597 0.0263148565 
9.67210 0.00020 0.0152503751 0.0260290696 
9.67302 0.00020 0.0154813534 0.0257439240 
9.67394 0.00020 0.0151996486 0.0254593722 
9.67486 0.00020 0.0149185813 0.0251754644 
9.67578 0.00020 0.0146380562 0.0248921042 
9.67669 0.00020 0.0143581712 0.0246093907 
9.67761 0.00020 0.0140788308 0.0243272273 
9.67852 0.00020 0.0138000847 0.0240456641 
9.67943 0.00020 0.0135219341 0.0237647026 
9.68033 0.00020 0.0132516152 0.0234916517 
9.68124 0.00020 0.0129821951 0.0232195089 
9.68214 0.00020 0.0127133353 0.0229479319 
9.68305 0.00020 0.0124450370 0.0226769222 
9.68395 0.00020 0.0121772526 0.0224064315 
9.68484 0.00020 0.0119101294 0.0221366087 
9.68574 0.00020 0.0111322844 0.0218672581 
9.68663 0.00020 0.0113773839 0.0215984793 
9.68753 0.00020 0.0106009408 0.0213302734 
9.68842 0.00020 0.0103360717 0.0210625922 
9.68931 0.00020 0.0100717718 0.0207954862 
9.69019 0.00020 0.0098079932 0.0205289072 
9.69108 0.00020 0.0095447372 0.0202628562 
9.69196 0.00020 0.0092820536 0.0199973838 
9.69285 0.00020 0.0090189156 0.0197314521 
9.69373 0.00020 0.0092627126 0.0194624369 
9.69460 0.00020 0.0089969594 0.0191939979 
9.69548 0.00020 0.0087317778 0.0189261363 
9.69635 0.00020 0.0084670708 0.0186587542 
9.69723 0.00020 0.0082028886 0.0183919021 
9.69810 0.00020 0.0079392321 0.0181255811 
9.69897 0.00020 0.0076754631 0.0178591464 
9.69984 0.00020 0.0074128610 0.0175938905 
9.70070 0.00020 0.0071507880 0.0173291689 
9.70157 0.00020 0.0068914626 0.0170672227 
9.70243 0.00020 0.0066330162 0.0168061644 
9.70329 0.00020 0.0063751050 0.0165456467 
9.70415 0.00020 0.0061177302 0.0162856709 
9.70501 0.00020 0.0058607939 0.0160261380 
9.70586 0.00020 0.0056044455 0.0157671989 
9.70672 0.00020 0.0053485376 0.0155087047 
9.70757 0.00020 0.0050932195 0.0152508064 
9.70842 0.00020 0.0048383440 0.0149933550 
9.70927 0.00020 0.0045839613 0.0147364015 
9.71012 0.00020 0.0043300725 0.0144799469 
9.71096 0.00020 0.0040766785 0.0142239920 
9.71181 0.00020 0.0038237802 0.0139685380 
9.71265 0.00020 0.0035713787 0.0137135857 
9.71349 0.00020 0.0033194750 0.0134591362 
9.71433 0.00020 0.0030680202 0.0132051401 
9.71517 0.00020 0.0028171147 0.0129516990 
9.71600 0.00020 0.0025666600 0.0126987132 
9.71684 0.00020 0.0023166571 0.0124461837 
9.71767 0.00020 0.0020671565 0.0121941616 
9.71850 0.00020 0.0018181593 0.0119426480 
9.71933 0.00020 0.0015695666 0.0116915430 
9.72016 0.00020 0.0013215290 0.0114409987 
9.72098 0.00020 0.0010739476 0.0111909152 
9.72181 0.00020 0.0008267733 0.0109412430 
9.72263 0.00020 0.0005801570 0.0106921343 
9.72345 0.00020 0.0003339495 0.0104434387 
9.72427 0.00020 0.0000882018 0.0101952074 
9.72509 0.00020 -0.0001570854 0.0099474413 
9.72591 0.00020 -0.0004018610 0.0097001919 
9.72673 0.00020 -0.0006462244 0.0094533589 
9.72754 0.00020 -0.0008901246 0.0092069939 
9.72835 0.00020 -0.0011335608 0.0089610975 
9.72916 0.00020 -0.0013765320 0.0087156708 
9.72997 0.00020 -0.0016189873 0.0084707653 
9.73078 0.00020 -0.0018611266 0.0082261788 
9.73159 0.00020 -0.0021026980 0.0079821661 
9.73239 0.00020 -0.0023445058 0.0077379146 
9.73320 0.00020 -0.0025852406 0.0074947468 
9.73400 0.00020 -0.0028255559 0.0072520029 
9.73480 0.00020 -0.0030653499 0.0070097855 
9.73560 0.00020 -0.0033047731 0.0067679426 
9.73640 0.00020 -0.0035437239 0.0065265770 
9.73719 0.00020 -0.0037822519 0.0062856385 
9.73799 0.00020 -0.0040203562 0.0060451279 
9.73878 0.00020 -0.0037548314 0.0058050969 
9.73957 0.00020 -0.0039921555 0.0055654956 
9.74036 0.00020 -0.0042291040 0.0053262733 
9.74115 0.00020 -0.0044655242 0.0050875844 
9.74194 0.00020 -0.0047016180 0.0048492251 
9.74272 0.00020 -0.0049371819 0.0046114007 
9.74351 0.00020 -0.0051724179 0.0043739073 
9.74429 0.00020 -0.0054071732 0.0041368994 
9.74507 0.00020 -0.0056415484 0.0039002751 
9.74585 0.00020 -0.0058754412 0.0036641379 
9.74663 0.00020 -0.0061089524 0.0034283859 
9.74741 0.00020 -0.0063420306 0.0031930712 
9.74819 0.00020 -0.0065746748 0.0029581944 
9.74896 0.00020 -0.0068069864 0.0027236537 
9.74974 0.00020 -0.0070388115 0.0024896039 
9.75051 0.00020 -0.0072702516 0.0022559429 
9.75128 0.00020 -0.0075016631 0.0020223108 
9.75205 0.00020 -0.0077334035 0.0017883467 
9.75282 0.00020 -0.0079648088 0.0015547208 
9.75358 0.00020 -0.0081957764 0.0013215368 
9.75435 0.00020 -0.0084263054 0.0010887957 
9.75511 0.00020 -0.0086564462 0.0008564465 
9.75587 0.00020 -0.0088861982 0.0006244898 
9.75663 0.00020 -0.0091155605 0.0003929265 
9.75739 0.00020 -0.0093444814 0.0001618089 
9.75815 0.00020 -0.0095730113 -0.0000689139 
9.75891 0.00020 -0.0098004310 -0.0002985160 
9.75967 0.00020 -0.0100273807 -0.0005276435 
9.76042 0.00020 -0.0102539365 -0.0007563732 
9.76117 0.00020 -0.0104800719 -0.0009846787 
9.76193 0.00020 -0.0107058378 -0.0012126110 
9.76268 0.00020 -0.0109312078 -0.0014401436 
9.76343 0.00020 -0.0111567731 -0.0016678734 
9.76418 0.00020 -0.0113813751 -0.0018946307 
9.76492 0.00020 -0.0116055792 -0.0021209863 
9.76567 0.00020 -0.0118284050 -0.0023459503 
9.76641 0.00020 -0.0120506757 -0.0025703539 
9.76716 0.00020 -0.0122725968 -0.0027944046 
9.76790 0.00020 -0.0124941161 -0.0030180496 
9.76864 0.00020 -0.0127152587 -0.0032413142 
9.76938 0.00020 -0.0129360240 -0.0034641980 
9.77011 0.00020 -0.0131564372 -0.0036867263 
9.77085 0.00020 -0.0133764718 -0.0039088723 
9.77159 0.00020 -0.0135961273 -0.0041306356 
9.77232 0.00020 -0.0138154288 -0.0043520415 
9.77305 0.00020 -0.0140343238 -0.0045730371 
9.77379 0.00020 -0.0142528897 -0.0047937002 
9.77452 0.00020 -0.0144710479 -0.0050139519 
9.77525 0.00020 -0.0146888497 -0.0052338437 
9.77597 0.00020 -0.0149062944 -0.0054533750 
9.77670 0.00020 -0.0151233815 -0.0056725453 
9.77743 0.00020 -0.0153400845 -0.0058913277 
9.77815 0.00020 -0.0155564546 -0.0061097741 
9.77887 0.00020 -0.0157724393 -0.0063278314 
9.77960 0.00020 -0.0159880900 -0.0065455514 
9.78032 0.00020 -0.0162033800 -0.0067629074 
9.78104 0.00020 -0.0164182829 -0.0069798725 
9.78175 0.00020 -0.0166328760 -0.0071965248 
9.78247 0.00020 -0.0168470547 -0.0074127587 
9.78319 0.00020 -0.0170609486 -0.0076287052 
9.78390 0.00020 -0.0172744268 -0.0078442319 
9.78462 0.00020 -0.0174876191 -0.0080594700 
9.78533 0.00020 -0.0177004207 -0.0082743136 
9.78604 0.00020 -0.0174168533 -0.0084887884 
9.78675 0.00020 -0.0176290831 -0.0087029465 
9.78746 0.00020 -0.0178409463 -0.0089167348 
9.78817 0.00020 -0.0180524684 -0.0091301789 
9.78887 0.00020 -0.0182636752 -0.0093433048 
9.78958 0.00020 -0.0184745137 -0.0095560590 
9.79028 0.00020 -0.0186849832 -0.0097684409 
9.79099 0.00020 -0.0188951358 -0.0099805030 
9.79169 0.00020 -0.0191049708 -0.0101922446 
9.79239 0.00020 -0.0193149607 -0.0104041426 
9.79309 0.00020 -0.0195241330 -0.0106152155 
9.79379 0.00020 -0.0197329337 -0.0108259134 
9.79449 0.00020 -0.0199413884 -0.0110362622 
9.79518 0.00020 -0.0201495228 -0.0112462878 
9.79588 0.00020 -0.0203573103 -0.0114559633 
9.79657 0.00020 -0.0205648028 -0.0116653411 
9.79727 0.00020 -0.0207719209 -0.0118743411 
9.79796 0.00020 -0.0209787430 -0.0120830425 
9.79865 0.00020 -0.0211852159 -0.0122913915 
9.79934 0.00020 -0.0213913655 -0.0124994143 
9.80003 0.00020 -0.0215971913 -0.0127071102 
9.80072 0.00020 -0.0218026927 -0.0129144789 
9.80140 0.00020 -0.0220078693 -0.0131215198 
9.80209 0.00020 -0.0222127205 -0.0133282323 
9.80277 0.00020 -0.0224172193 -0.0135345893 
9.80346 0.00020 -0.0226214446 -0.0137406703 
9.80414 0.00020 -0.0228253166 -0.0139463947 
9.80482 0.00020 -0.0230288877 -0.0141518155 
9.80550 0.00020 -0.0232321308 -0.0143569054 
9.80618 0.00020 -0.0234350455 -0.0145616638 
9.80686 0.00020 -0.0236376579 -0.0147661172 
9.80753 0.00020 -0.0238399674 -0.0149702649 
9.80821 0.00020 -0.0240419470 -0.0151740797 
9.80888 0.00020 -0.0242436227 -0.0153775880 
9.80956 0.00020 -0.0244449410 -0.0155807355 
9.81023 0.00020 -0.0246459810 -0.0157836023 
9.81090 0.00020 -0.0248467159 -0.0159861610 
9.81157 0.00020 -0.0250471449 -0.0161884113 
9.81224 0.00020 -0.0252472411 -0.0163903256 
9.81291 0.00020 -0.0254470573 -0.0165919573 
9.81358 0.00020 -0.0256465662 -0.0167932791 
9.81425 0.00020 -0.0258457410 -0.0169942636 
9.81491 0.00020 -0.0260446342 -0.0171949641 
9.81558 0.00020 -0.0262431923 -0.0173953263 
9.81624 0.00020 -0.0264414946 -0.0175954305 
9.81690 0.00020 -0.0266394608 -0.0177951954 
9.81756 0.00020 -0.0268371170 -0.0179946476 
9.81822 0.00020 -0.0270345163 -0.0181938405 
9.81888 0.00020 -0.0272315779 -0.0183926927 
9.81954 0.00020 -0.0274288637 -0.0185917711 
9.82020 0.00020 -0.0276253024 -0.0187899947 
9.82086 0.00020 -0.0278215093 -0.0189879844 
9.82151 0.00020 -0.0280173766 -0.0191856314 
9.82217 0.00020 -0.0282129576 -0.0193829895 
9.82282 0.00020 -0.0284082518 -0.0195800582 
9.82347 0.00020 -0.0286032588 -0.0197768371 
9.82413 0.00020 -0.0287979512 -0.0199732986 
9.82478 0.00020 -0.0289923825 -0.0201694965 
9.82543 0.00020 -0.0291864983 -0.0203653761 
9.82607 0.00020 -0.0293797873 -0.0205604214 
9.82672 0.00020 -0.0295716832 -0.0207540609 
9.82737 0.00020 -0.0297633146 -0.0209474336 
9.82801 0.00020 -0.0299546275 -0.0211404847 
9.82866 0.00020 -0.0301470223 -0.0213346278 
9.82930 0.00020 -0.0303392337 -0.0215285856 
9.82995 0.00020 -0.0305312073 -0.0217223036 
9.83059 0.00020 -0.0307228619 -0.0219156996 
9.83123 0.00020 -0.0309142779 -0.0221088549 
9.83187 0.00020 -0.0311053740 -0.0223016874 
9.83251 0.00020 -0.0312961768 -0.0224942239 
9.83315 0.00020 -0.0314867129 -0.0226864912 
9.83378 0.00020 -0.0316769818 -0.0228784890 
9.83442 0.00020 -0.0313771643 -0.0230690975 
9.83506 0.00020 -0.0315655037 -0.0232590524 
9.83569 0.00020 -0.0317535464 -0.0234487080 
9.83632 0.00020 -0.0319413188 -0.0236380910 
9.83696 0.00020 -0.0321288207 -0.0238272011 
9.83759 0.00020 -0.0323160517 -0.0240160380 
9.83822 0.00020 -0.0325030113 -0.0242046012 
9.83885 0.00020 -0.0326896992 -0.0243928904 
9.83948 0.00020 -0.0328761422 -0.0245809325 
9.84010 0.00020 -0.0330622583 -0.0247686450 
9.84073 0.00020 -0.0332481287 -0.0249561096 
9.84136 0.00020 -0.0334337530 -0.0251433261 
9.84198 0.00020 -0.0336191038 -0.0253302666 
9.84261 0.00020 -0.0338041804 -0.0255169307 
9.84323 0.00020 -0.0339889826 -0.0257033180 
9.84385 0.00020 -0.0341735373 -0.0258894556 
9.84448 0.00020 -0.0343578168 -0.0260753158 
9.84510 0.00020 -0.0345423115 -0.0262613929 
9.84572 0.00020 -0.0347260670 -0.0264467245 
9.84634 0.00020 -0.0349095462 -0.0266317774 
9.84696 0.00020 -0.0350928033 -0.0268166064 
9.84757 0.00020 -0.0352757561 -0.0270011283 
9.84819 0.00020 -0.0354584860 -0.0271854256 
9.84880 0.00020 -0.0356409382 -0.0273694427 
9.84942 0.00020 -0.0358231396 -0.0275532068 
9.85003 0.00020 -0.0360050624 -0.0277366900 
9.85065 0.00020 -0.0361867610 -0.0279199471 
9.85126 0.00020 -0.0363681804 -0.0281029226 
9.85187 0.00020 -0.0365493475 -0.0282856436 
9.85248 0.00020 -0.0367302620 -0.0284681099 
9.85309 0.00020 -0.0369109236 -0.0286503210 
9.85370 0.00020 -0.0370913318 -0.0288322767 
9.85431 0.00020 -0.0372714865 -0.0290139765 
9.85491 0.00020 -0.0374513871 -0.0291954202 
9.85552 0.00020 -0.0376310334 -0.0293766073 
9.85612 0.00020 -0.0378104524 -0.0295575653 
9.85673 0.00020 -0.0379896164 -0.0297382660 
9.85733 0.00020 -0.0381684976 -0.0299186814 
9.85793 0.00020 -0.0383471505 -0.0300988667 
9.85854 0.00020 -0.0385255473 -0.0302787936 
9.85914 0.00020 -0.0387037427 -0.0304585175 
9.85974 0.00020 -0.0388816264 -0.0306379269 
9.86034 0.00020 -0.0390593080 -0.0308171326 
9.86094 0.00020 -0.0392367598 -0.0309961064 
9.86153 0.00020 -0.0394139262 -0.0311747924 
9.86213 0.00020 -0.0395908621 -0.0313532459 
9.86273 0.00020 -0.0397675672 -0.0315314666 
9.86332 0.00020 -0.0399439858 -0.0317093984 
9.86392 0.00020 -0.0401202282 -0.0318871524 
9.86451 0.00020 -0.0402961835 -0.0320646170 
9.86510 0.00020 -0.0404718790 -0.0322418195 
9.86569 0.00020 -0.0406473974 -0.0324188433 
9.86629 0.00020 -0.0408226553 -0.0325956044 
9.86688 0.00020 -0.0409976524 -0.0327721025 
9.86747 0.00020 -0.0411724439 -0.0329483932 
9.86805 0.00020 -0.0413469739 -0.0331244202 
9.86864 0.00020 -0.0415212975 -0.0333002390 
9.86923 0.00020 -0.0416957749 -0.0334762129 
9.86982 0.00020 -0.0418696020 -0.0336515310 
9.87040 0.00020 -0.0420431941 -0.0338266120 
9.87099 0.00020 -0.0422165786 -0.0340014836 
9.87157 0.00020 -0.0423897275 -0.0341761177 
9.87216 0.00020 -0.0425626128 -0.0343504858 
9.87274 0.00020 -0.0427352618 -0.0345246157 
9.87332 0.00020 -0.0429077020 -0.0346985350 
9.87390 0.00020 -0.0430799054 -0.0348722154 
9.87448 0.00020 -0.0432518717 -0.0350456566 
9.87506 0.00020 -0.0434236005 -0.0352188584 
9.87564 0.00020 -0.0435951193 -0.0353918484 
9.87622 0.00020 -0.0437664279 -0.0355646263 
9.87679 0.00020 -0.0439374703 -0.0357371358 
9.87737 0.00020 -0.0441083019 -0.0359094326 
9.87795 0.00020 -0.0442789224 -0.0360815165 
9.87852 0.00020 -0.0444493036 -0.0362533592 
9.87910 0.00020 -0.0446194452 -0.0364249602 
9.87967 0.00020 -0.0447893470 -0.0365963192 
9.88024 0.00020 -0.0449590923 -0.0367675205 
9.88081 0.00020 -0.0451285414 -0.0369384229 
9.88138 0.00020 -0.0452978055 -0.0371091388 
9.88195 0.00020 -0.0454668565 -0.0372796398 
9.88252 0.00020 -0.0456356662 -0.0374498974 
9.88309 0.00020 -0.0458042621 -0.0376199395 
9.88366 0.00020 -0.0459726442 -0.0377897658 
9.88423 0.00020 -0.0461408120 -0.0379593760 
9.88479 0.00020 -0.0463087373 -0.0381287416 
9.88536 0.00020 -0.0464764477 -0.0382978905 
9.88593 0.00020 -0.0466439151 -0.0384667943 
9.88649 0.00020 -0.0468112231 -0.0386355374 
9.88705 0.00020 -0.0469782875 -0.0388040347 
9.88762 0.00020 -0.0471451360 -0.0389723143 
9.88818 0.00020 -0.0473117683 -0.0391403758 
9.88874 0.00020 -0.0474781560 -0.0393081907 
9.88930 0.00020 -0.0476443551 -0.0394758152 
9.88986 0.00020 -0.0478103653 -0.0396432493 
9.89042 0.00020 -0.0479761301 -0.0398104359 
9.89098 0.00020 -0.0481416773 -0.0399774030 
9.89154 0.00020 -0.0483070348 -0.0401441789 
9.89209 0.00020 -0.0479924840 -0.0403111324 
9.89265 0.00020 -0.0481575166 -0.0404774965 
9.89321 0.00020 -0.0483223022 -0.0406436118 
9.89376 0.00020 -0.0484868970 -0.0408095346 
9.89432 0.00020 -0.0486512444 -0.0409752080 
9.89487 0.00020 -0.0488154286 -0.0411407169 
9.89542 0.00020 -0.0489793647 -0.0413059758 
9.89597 0.00020 -0.0491431090 -0.0414710413 
9.89653 0.00020 -0.0493066612 -0.0416359131 
9.89708 0.00020 -0.0494699927 -0.0418005625 
9.89763 0.00020 -0.0496331034 -0.0419649892 
9.89818 0.00020 -0.0497960495 -0.0421292501 
9.89872 0.00020 -0.0499587459 -0.0422932592 
9.89927 0.00020 -0.0501212489 -0.0424570734 
9.89982 0.00020 -0.0502835582 -0.0426206923 
9.90037 0.00020 -0.0504456454 -0.0427840873 
9.90091 0.00020 -0.0506075385 -0.0429472867 
9.90146 0.00020 -0.0507697760 -0.0431108332 
9.90200 0.00020 -0.0509346278 -0.0432770152 
9.90255 0.00020 -0.0510993158 -0.0434430319 
9.90309 0.00020 -0.0512637828 -0.0436088259 
9.90363 0.00020 -0.0514280854 -0.0437744542 
9.90417 0.00020 -0.0515921381 -0.0439398306 
9.90471 0.00020 -0.0517559975 -0.0441050121 
9.90526 0.00020 -0.0519196349 -0.0442699698 
9.90580 0.00020 -0.0520821113 -0.0444337572 
9.90633 0.00020 -0.0522430556 -0.0445960000 
9.90687 0.00020 -0.0524009002 -0.0447551183 
9.90741 0.00020 -0.0525585464 -0.0449140364 
9.90795 0.00020 -0.0527159939 -0.0450727543 
9.90848 0.00020 -0.0528732709 -0.0452313004 
9.90902 0.00020 -0.0530303204 -0.0453896170 
9.90955 0.00020 -0.0531871990 -0.0455477613 
9.91009 0.00020 -0.0533438779 -0.0457057045 
9.91062 0.00020 -0.0535003570 -0.0458634461 
9.91116 0.00020 -0.0536566646 -0.0460210149 
9.91169 0.00020 -0.0538127719 -0.0461783817 
9.91222 0.00020 -0.0539686500 -0.0463355176 
9.91275 0.00020 -0.0541243845 -0.0464925086 
9.91328 0.00020 -0.0542799180 -0.0466492971 
9.91381 0.00020 -0.0544356507 -0.0468062863 
9.91434 0.00020 -0.0545908102 -0.0469626978 
9.91487 0.00020 -0.0547457681 -0.0471189059 
9.91540 0.00020 -0.0549005240 -0.0472749105 
9.91593 0.00020 -0.0550551350 -0.0474307690 
9.91645 0.00020 -0.0552095151 -0.0475863947 
9.91698 0.00020 -0.0553637211 -0.0477418450 
9.91751 0.00020 -0.0555177530 -0.0478971197 
9.91803 0.00020 -0.0556716105 -0.0480522186 
9.91855 0.00020 -0.0558252361 -0.0482070837 
9.91908 0.00020 -0.0559787155 -0.0483618015 
9.91960 0.00020 -0.0561319912 -0.0485163139 
9.92012 0.00020 -0.0562850917 -0.0486706497 
9.92064 0.00020 -0.0564379880 -0.0488247796 
9.92117 0.00020 -0.0565907373 -0.0489787614 
9.92169 0.00020 -0.0567432821 -0.0491325370 
9.92221 0.00020 -0.0568956507 -0.0492861350 
9.92272 0.00020 -0.0570478430 -0.0494395553 
9.92324 0.00020 -0.0571998302 -0.0495927688 
9.92376 0.00020 -0.0573516405 -0.0497458040 
9.92428 0.00020 -0.0575032739 -0.0498986609 
9.92480 0.00020 -0.0576547590 -0.0500513683 
9.92531 0.00020 -0.0578060380 -0.0502038678 
9.92583 0.00020 -0.0579571394 -0.0503561884 
9.92634 0.00020 -0.0581080342 -0.0505083008 
9.92686 0.00020 -0.0582587510 -0.0506602336 
9.92737 0.00020 -0.0584093474 -0.0508120452 
9.92788 0.00020 -0.0585597366 -0.0509636477 
9.92839 0.00020 -0.0587099183 -0.0511150412 
9.92891 0.00020 -0.0588599790 -0.0512663126 
9.92942 0.00020 -0.0590098318 -0.0514173746 
9.92993 0.00020 -0.0591595055 -0.0515682559 
9.93044 0.00020 -0.0593089997 -0.0517189563 
9.93095 0.00020 -0.0594583433 -0.0518695049 
9.93146 0.00020 -0.0596074781 -0.0520198431 
9.93196 0.00020 -0.0597564619 -0.0521700290 
9.93247 0.00020 -0.0599052656 -0.0523200332 
9.93298 0.00020 -0.0600538888 -0.0524698556 
9.93349 0.00020 -0.0602023604 -0.0526195251 
9.93399 0.00020 -0.0603506511 -0.0527690124 
9.93450 0.00020 -0.0604991381 -0.0529186974 
9.93500 0.00020 -0.0606471539 -0.0530679075 
9.93551 0.00020 -0.0607949883 -0.0532169348 
9.93601 0.00020 -0.0609426413 -0.0533657791 
9.93651 0.00020 -0.0610901415 -0.0535144694 
9.93702 0.00020 -0.0612374597 -0.0536629763 
9.93752 0.00020 -0.0613846541 -0.0538113583 
9.93802 0.00020 -0.0615316079 -0.0539594978 
9.93852 0.00020 -0.0616784373 -0.0541075120 
9.93902 0.00020 -0.0618251132 -0.0542553713 
9.93952 0.00020 -0.0619715480 -0.0544029876 
9.94002 0.00020 -0.0621178869 -0.0545505073 
9.94052 0.00020 -0.0622640426 -0.0546978422 
9.94102 0.00020 -0.0624100148 -0.0548449922 
9.94151 0.00020 -0.0625558325 -0.0549919864 
9.94201 0.00020 -0.0627014663 -0.0551387953 
9.94251 0.00020 -0.0628469451 -0.0552854479 
9.94300 0.00020 -0.0629922398 -0.0554319149 
9.94350 0.00020 -0.0631374083 -0.0555782548 
9.94399 0.00020 -0.0632823630 -0.0557243791 
9.94449 0.00020 -0.0634271913 -0.0558703759 
9.94498 0.00020 -0.0635718346 -0.0560161862 
9.94547 0.00020 -0.0637163219 -0.0561618394 
9.94597 0.00020 -0.0638606238 -0.0563073055 
9.94646 0.00020 -0.0640047693 -0.0564526141 
9.94695 0.00020 -0.0641488168 -0.0565978239 
9.94744 0.00020 -0.0642926491 -0.0567428168 
9.94793 0.00020 -0.0644363246 -0.0568876515 
9.94842 0.00020 -0.0645798138 -0.0570322984 
9.94891 0.00020 -0.0647231456 -0.0571767868 
9.94940 0.00020 -0.0648663494 -0.0573211460 
9.94988 0.00020 -0.0650093663 -0.0574653169 
9.95037 0.00020 -0.0651522255 -0.0576093287 
9.95086 0.00020 -0.0652949560 -0.0577532108 
9.95134 0.00020 -0.0654374992 -0.0578969041 
9.95183 0.00020 -0.0655798840 -0.0580404378 
9.95232 0.00020 -0.0657221104 -0.0581838118 
9.95280 0.00020 -0.0658641489 -0.0583269962 
9.95328 0.00020 -0.0660060578 -0.0584700502 
9.95377 0.00020 -0.0661478372 -0.0586129736 
9.95429 0.00020 -0.0663010114 -0.0587673837 
9.95477 0.00020 -0.0664424468 -0.0589099603 
9.95526 0.00020 -0.0665837227 -0.0590523761 
9.95574 0.00020 -0.0667248096 -0.0591946013 
9.95622 0.00020 -0.0668657659 -0.0593366950 
9.95670 0.00020 -0.0670065623 -0.0594786274 
9.95718 0.00020 -0.0671472280 -0.0596204281 
9.95766 0.00020 -0.0672876744 -0.0597620077 
9.95814 0.00020 -0.0674280193 -0.0599034849 
9.95861 0.00020 -0.0675682035 -0.0600448002 
9.95909 0.00020 -0.0677082268 -0.0601859533 
9.95957 0.00020 -0.0678480891 -0.0603269441 
9.96005 0.00020 -0.0679878198 -0.0604678022 
9.96052 0.00020 -0.0681273596 -0.0606084679 
9.96100 0.00020 -0.0682667674 -0.0607490005 
9.96147 0.00020 -0.0684060431 -0.0608893999 
9.96195 0.00020 -0.0685451569 -0.0610296362 
9.96242 0.00020 -0.0686840791 -0.0611696794 
9.96289 0.00020 -0.0688228984 -0.0613096187 
9.96337 0.00020 -0.0689615848 -0.0614494241 
9.96384 0.00020 -0.0691000496 -0.0615890062 
9.96431 0.00020 -0.0692384109 -0.0617284838 
9.96478 0.00020 -0.0693766094 -0.0618677974 
9.96525 0.00020 -0.0695146450 -0.0620069467 
9.96572 0.00020 -0.0696525469 -0.0621459613 
9.96619 0.00020 -0.0697903152 -0.0622848412 
9.96666 0.00020 -0.0699279200 -0.0624235563 
9.96713 0.00020 -0.0700653316 -0.0625620766 
9.96760 0.00020 -0.0702026683 -0.0627005214 
9.96807 0.00020 -0.0703398114 -0.0628387710 
9.96854 0.00020 -0.0704768497 -0.0629769151 
9.96900 0.00020 -0.0706136941 -0.0631148636 
9.96947 0.00020 -0.0707504037 -0.0632526762 
9.96994 0.00020 -0.0708869784 -0.0633903529 
9.97040 0.00020 -0.0710233884 -0.0635278635 
9.97087 0.00020 -0.0711596632 -0.0636652378 
9.97133 0.00020 -0.0712958026 -0.0638024758 
9.97179 0.00020 -0.0714317768 -0.0639395471 
9.97226 0.00020 -0.0715676154 -0.0640764817 
9.97272 0.00020 -0.0717033480 -0.0642133094 
9.97322 0.00020 -0.0718500230 -0.0643611679 
9.97368 0.00020 -0.0719853977 -0.0644976349 
9.97414 0.00020 -0.0721206362 -0.0646339646 
9.97460 0.00020 -0.0722557681 -0.0647701868 
9.97506 0.00020 -0.0719229529 -0.0649062414 
9.97552 0.00020 -0.0720578200 -0.0650421281 
9.97598 0.00020 -0.0721925800 -0.0651779069 
9.97644 0.00020 -0.0723271731 -0.0653135177 
9.97690 0.00020 -0.0724616291 -0.0654489902 
9.97736 0.00020 -0.0725959776 -0.0655843544 
9.97782 0.00020 -0.0727301288 -0.0657195199 
9.97827 0.00020 -0.0728641724 -0.0658545770 
9.97873 0.00020 -0.0730000821 -0.0659915141 
9.97919 0.00020 -0.0731370218 -0.0661294892 
9.97964 0.00020 -0.0732737956 -0.0662672971 
9.98010 0.00020 -0.0734104632 -0.0664049979 
9.98055 0.00020 -0.0735469344 -0.0665425010 
9.98101 0.00020 -0.0736832992 -0.0666798967 
9.98146 0.00020 -0.0738195273 -0.0668171548 
9.98191 0.00020 -0.0739555887 -0.0669542449 
9.98237 0.00020 -0.0740915131 -0.0670911969 
9.98282 0.00020 -0.0742237613 -0.0672244450 
9.98327 0.00020 -0.0743553300 -0.0673570084 
9.98372 0.00020 -0.0744867288 -0.0674894006 
9.98417 0.00020 -0.0746179876 -0.0676216518 
9.98462 0.00020 -0.0747491362 -0.0677537919 
9.98507 0.00020 -0.0748801445 -0.0678857907 
9.98552 0.00020 -0.0750110123 -0.0680176479 
9.98597 0.00020 -0.0751417395 -0.0681493635 
9.98642 0.00020 -0.0752722959 -0.0682809070 
9.98687 0.00020 -0.0754027716 -0.0684123692 
9.98731 0.00020 -0.0755330762 -0.0685436590 
9.98776 0.00020 -0.0756632698 -0.0686748368 
9.98821 0.00020 -0.0757933220 -0.0688058724 
9.98865 0.00020 -0.0759232329 -0.0689367654 
9.98910 0.00020 -0.0760530624 -0.0690675765 
9.98955 0.00020 -0.0761826900 -0.0691981841 
9.98999 0.00020 -0.0763122059 -0.0693286793 
9.99044 0.00020 -0.0764413387 -0.0694587883 
9.99088 0.00020 -0.0765696658 -0.0695880856 
9.99136 0.00020 -0.0767083780 -0.0697278466 
9.99180 0.00020 -0.0768364225 -0.0698568592 
9.99224 0.00020 -0.0769643542 -0.0699857580 
9.99269 0.00020 -0.0770921728 -0.0701145431 
9.99313 0.00020 -0.0772198482 -0.0702431837 
9.99357 0.00020 -0.0773473801 -0.0703716799 
9.99401 0.00020 -0.0774747987 -0.0705000618 
9.99445 0.00020 -0.0776021038 -0.0706283294 
9.99489 0.00020 -0.0777292651 -0.0707564521 
9.99533 0.00020 -0.0778562825 -0.0708844298 
9.99577 0.00020 -0.0779831557 -0.0710122622 
9.99621 0.00020 -0.0781099453 -0.0711400104 
9.99665 0.00020 -0.0782365905 -0.0712676131 
9.99708 0.00020 -0.0783630912 -0.0713950702 
9.99752 0.00020 -0.0784894776 -0.0715224122 
9.99796 0.00020 -0.0786157496 -0.0716496388 
9.99839 0.00020 -0.0787418768 -0.0717767196 
9.99883 0.00020 -0.0788678892 -0.0719036848 
9.99926 0.00020 -0.0789937566 -0.0720305038 
9.99970 0.00020 -0.0791195394 -0.0721572375 
10.00013 0.00020 -0.0792451464 -0.0722837942 
10.00057 0.00020 -0.0793706688 -0.0724102655 
10.00100 0.00020 -0.0794960454 -0.0725365901 
10.00144 0.00020 -0.0796212764 -0.0726627679 
10.00187 0.00020 -0.0797464221 -0.0727888598 
10.00230 0.00020 -0.0798714220 -0.0729148047 
10.00273 0.00020 -0.0799963061 -0.0730406330 
10.00316 0.00020 -0.0801210440 -0.0731663139 
10.00360 0.00020 -0.0802456658 -0.0732918780 
10.00403 0.00020 -0.0803702021 -0.0734173558 
10.00446 0.00020 -0.0804945917 -0.0735426859 
10.00489 0.00020 -0.0806188651 -0.0736678988 
10.00532 0.00020 -0.0807429915 -0.0737929637 
10.00574 0.00020 -0.0808670014 -0.0739179112 
10.00617 0.00020 -0.0809908947 -0.0740427412 
10.00660 0.00020 -0.0811146713 -0.0741674536 
10.00703 0.00020 -0.0812383004 -0.0742920174 
10.00746 0.00020 -0.0813618736 -0.0744165249 
10.00788 0.00020 -0.0814852382 -0.0745408221 
10.00831 0.00020 -0.0816085466 -0.0746650628 
10.00877 0.00020 -0.0817418398 -0.0747993638 
10.00920 0.00020 -0.0818648247 -0.0749232785 
10.00962 0.00020 -0.0819877531 -0.0750471363 
10.01005 0.00020 -0.0821105639 -0.0751708756 
10.01047 0.00020 -0.0822330430 -0.0752942807 
10.01089 0.00020 -0.0823542120 -0.0754163659 
10.01132 0.00020 -0.0824752929 -0.0755383621 
10.01174 0.00020 -0.0825962549 -0.0756602387 
10.01216 0.00020 -0.0827170673 -0.0757819645 
10.01259 0.00020 -0.0828377606 -0.0759035702 
10.01301 0.00020 -0.0829583958 -0.0760251176 
10.01343 0.00020 -0.0830788505 -0.0761464830 
10.01385 0.00020 -0.0831991858 -0.0762677280 
10.01427 0.00020 -0.0833194628 -0.0763889144 
10.01469 0.00020 -0.0834409377 -0.0765113077 
10.01511 0.00020 -0.0835627533 -0.0766340443 
10.01553 0.00020 -0.0836844501 -0.0767566612 
10.01595 0.00020 -0.0838059973 -0.0768791273 
10.01637 0.00020 -0.0839274867 -0.0770015353 
10.01679 0.00020 -0.0840488263 -0.0771237922 
10.01720 0.00020 -0.0841700466 -0.0772459290 
10.01762 0.00020 -0.0842911781 -0.0773679763 
10.01804 0.00020 -0.0844121287 -0.0774898414 
10.01846 0.00020 -0.0845330212 -0.0776116479 
10.01887 0.00020 -0.0846537939 -0.0777333337 
10.01929 0.00020 -0.0847744161 -0.0778548678 
10.01970 0.00020 -0.0848949797 -0.0779763430 
10.02012 0.00020 -0.0850153926 -0.0780976662 
10.02053 0.00020 -0.0851356854 -0.0782188685 
10.02095 0.00020 -0.0852558578 -0.0783399495 
10.02136 0.00020 -0.0853759099 -0.0784609092 
10.02177 0.00020 -0.0854958722 -0.0785817785 
10.02219 0.00020 -0.0856157140 -0.0787025264 
10.02260 0.00020 -0.0857354659 -0.0788231837 
10.02301 0.00020 -0.0858550662 -0.0789436882 
10.02342 0.00020 -0.0859745764 -0.0790641019 
10.02384 0.00020 -0.0860939348 -0.0791843627 
10.02425 0.00020 -0.0862132337 -0.0793045636 
10.02466 0.00020 -0.0863324114 -0.0794246423 
10.02507 0.00020 -0.0864514369 -0.0795445677 
10.02551 0.00020 -0.0865801251 -0.0796742289 
10.02592 0.00020 -0.0866989721 -0.0797939744 
10.02633 0.00020 -0.0868176357 -0.0799135351 
10.02674 0.00020 -0.0869362393 -0.0800330354 
10.02715 0.00020 -0.0870547210 -0.0801524129 
10.02755 0.00020 -0.0871730808 -0.0802716676 
10.02796 0.00020 -0.0872913494 -0.0803908303 
10.02837 0.00020 -0.0874095267 -0.0805099012 
10.02878 0.00020 -0.0875275509 -0.0806288177 
10.02918 0.00020 -0.0876454527 -0.0807476109 
10.02959 0.00020 -0.0877632939 -0.0808663430 
10.02999 0.00020 -0.0878809817 -0.0809849205 
10.03040 0.00020 -0.0879985776 -0.0811034056 
10.03080 0.00020 -0.0881160508 -0.0812217669 
10.03121 0.00020 -0.0882334630 -0.0813400668 
10.03161 0.00020 -0.0883506903 -0.0814581804 
10.03202 0.00020 -0.0884678565 -0.0815762325 
10.03242 0.00020 -0.0885849305 -0.0816941916 
10.03282 0.00020 -0.0887018502 -0.0818119953 
10.03323 0.00020 -0.0888186776 -0.0819297059 
10.03363 0.00020 -0.0889354124 -0.0820473233 
10.03403 0.00020 -0.0890520237 -0.0821648162 
10.03443 0.00020 -0.0891685113 -0.0822821845 
10.03483 0.00020 -0.0892849372 -0.0823994906 
10.03523 0.00020 -0.0894012081 -0.0825166407 
10.03563 0.00020 -0.0895174172 -0.0826337283 
10.03603 0.00020 -0.0896335022 -0.0827506910 
10.03643 0.00020 -0.0897494630 -0.0828675285 
10.03683 0.00020 -0.0898653306 -0.0829842721 
10.03723 0.00020 -0.0899811049 -0.0831009218 
10.03763 0.00020 -0.0900967548 -0.0832174460 
10.03803 0.00020 -0.0902123111 -0.0833338760 
10.03843 0.00020 -0.0903277428 -0.0834501804 
10.03882 0.00020 -0.0904430809 -0.0835663904 
10.03922 0.00020 -0.0905583252 -0.0836825060 
10.03962 0.00020 -0.0906734133 -0.0837984644 
10.04002 0.00020 -0.0907884387 -0.0839143594 
10.04041 0.00020 -0.0909033701 -0.0840301597 
10.04081 0.00020 -0.0910181762 -0.0841458338 
10.04120 0.00020 -0.0911328570 -0.0842613816 
10.04163 0.00020 -0.0912568975 -0.0843863600 
10.04202 0.00020 -0.0913713609 -0.0845016887 
10.04242 0.00020 -0.0914857611 -0.0846169538 
10.04281 0.00020 -0.0915995983 -0.0847316517 
10.04321 0.00020 -0.0917094363 -0.0848423201 
10.04360 0.00020 -0.0918191773 -0.0849528908 
10.04399 0.00020 -0.0919288525 -0.0850633953 
10.04438 0.00020 -0.0920383681 -0.0851737389 
10.04478 0.00020 -0.0921478178 -0.0852840160 
10.04517 0.00020 -0.0922571701 -0.0853941951 
10.04556 0.00020 -0.0923664250 -0.0855042760 
10.04595 0.00020 -0.0924755825 -0.0856142588 
10.04634 0.00020 -0.0925846424 -0.0857241433 
10.04673 0.00020 -0.0926942935 -0.0858346234 
10.04712 0.00020 -0.0928075736 -0.0859487599 
10.04751 0.00020 -0.0929207895 -0.0860628317 
10.04790 0.00020 -0.0930339411 -0.0861768389 
10.04829 0.00020 -0.0931469344 -0.0862906865 
10.04868 0.00020 -0.0932598320 -0.0864044376 
10.04907 0.00020 -0.0933726651 -0.0865181238 
10.04945 0.00020 -0.0934853709 -0.0866316817 
10.04984 0.00020 -0.0935979493 -0.0867451112 
10.05023 0.00020 -0.0937104944 -0.0868585072 
10.05062 0.00020 -0.0938229119 -0.0869717746 
10.05100 0.00020 -0.0939352018 -0.0870849135 
10.05139 0.00020 -0.0940474267 -0.0871979869 
10.05177 0.00020 -0.0941595237 -0.0873109314 
10.05216 0.00020 -0.0942715243 -0.0874237788 
10.05254 0.00020 -0.0943834597 -0.0875365604 
10.05293 0.00020 -0.0944952670 -0.0876492131 
10.05331 0.00020 -0.0946069460 -0.0877617365 
10.05370 0.00020 -0.0947185596 -0.0878741939 
10.05408 0.00020 -0.0948301078 -0.0879865854 
10.05447 0.00020 -0.0949414960 -0.0880988158 
10.05485 0.00020 -0.0950528186 -0.0882109800 
10.05523 0.00020 -0.0951640440 -0.0883230463 
10.05561 0.00020 -0.0952751721 -0.0884350147 
10.05600 0.00020 -0.0953862029 -0.0885468849 
10.05638 0.00020 -0.0954971047 -0.0886586252 
10.05676 0.00020 -0.0956079405 -0.0887702989 
10.05717 0.00020 -0.0957277585 -0.0888910228 
10.05755 0.00020 -0.0958383698 -0.0890024704 
10.05793 0.00020 -0.0959489149 -0.0891138513 
10.05831 0.00020 -0.0960593306 -0.0892251017 
10.05869 0.00020 -0.0961697115 -0.0893363171 
10.05907 0.00020 -0.0962799312 -0.0894473702 
10.05945 0.00020 -0.0963858533 -0.0895540931 
10.05983 0.00020 -0.0964867481 -0.0896557508 
10.06021 0.00020 -0.0965875402 -0.0897573049 
10.06059 0.00020 -0.0966882612 -0.0898587873 
10.06096 0.00020 -0.0967888792 -0.0899601661 
10.06134 0.00020 -0.0968893943 -0.0900614411 
10.06172 0.00020 -0.0969898380 -0.0901626442 
10.06210 0.00020 -0.0970902101 -0.0902637752 
10.06247 0.00020 -0.0971904792 -0.0903648023 
10.06285 0.00020 -0.0972906450 -0.0904657254 
10.06322 0.00020 -0.0973907708 -0.0905666082 
10.06360 0.00020 -0.0974959532 -0.0906725859 
10.06397 0.00020 -0.0976049611 -0.0907824179 
10.06435 0.00020 -0.0977138381 -0.0908921181 
10.06472 0.00020 -0.0978226160 -0.0910017184 
10.06510 0.00020 -0.0979313262 -0.0911112506 
10.06547 0.00020 -0.0980399054 -0.0912206507 
10.06584 0.00020 -0.0981484169 -0.0913299825 
10.06622 0.00020 -0.0982568605 -0.0914392460 
10.06659 0.00020 -0.0983651728 -0.0915483772 
10.06696 0.00020 -0.0984734171 -0.0916574399 
10.06734 0.00020 -0.0985815617 -0.0917664021 
10.06771 0.00020 -0.0986896065 -0.0918752638 
10.06808 0.00020 -0.0987975513 -0.0919840248 
10.06845 0.00020 -0.0989053644 -0.0920926529 
10.06882 0.00020 -0.0990131409 -0.0922012443 
10.06919 0.00020 -0.0991208490 -0.0923097667 
10.06956 0.00020 -0.0992284251 -0.0924181562 
10.06993 0.00020 -0.0993359328 -0.0925264766 
10.07030 0.00020 -0.0994433082 -0.0926346638 
10.07067 0.00020 -0.0995506149 -0.0927427819 
10.07104 0.00020 -0.0996578530 -0.0928508307 
10.07141 0.00020 -0.0997649586 -0.0929587461 
10.07178 0.00020 -0.0998720271 -0.0930666241 
10.07218 0.00020 -0.0999877509 -0.0931832228 
10.07254 0.00020 -0.1000945882 -0.0932908679 
10.07291 0.00020 -0.1002013564 -0.0933984433 
10.07328 0.00020 -0.1003080236 -0.0935059169 
10.07365 0.00020 -0.1004146216 -0.0936133209 
10.07401 0.00020 -0.1005210866 -0.0937205908 
10.07438 0.00020 -0.1006274822 -0.0938277908 
10.07474 0.00020 -0.1007338084 -0.0939349209 
10.07511 0.00020 -0.1008400013 -0.0940419166 
10.07548 0.00020 -0.1009461566 -0.0941488745 
10.07584 0.00020 -0.1010521783 -0.0942556978 
10.07621 0.00020 -0.1011581304 -0.0943624510 
10.07657 0.00020 -0.1012640128 -0.0944691339 
10.07693 0.00020 -0.1013697934 -0.0945757142 
10.07730 0.00020 -0.1014754722 -0.0946821920 
10.07766 0.00020 -0.1015810490 -0.0947885670 
10.07802 0.00020 -0.1016865558 -0.0948948715 
10.07839 0.00020 -0.1017919926 -0.0950011054 
10.07875 0.00020 -0.1014446225 -0.0951072042 
10.07911 0.00020 -0.1020025595 -0.0952132644 
10.07947 0.00020 -0.1016551550 -0.0953192216 
10.07984 0.00020 -0.1017602677 -0.0954250756 
10.08020 0.00020 -0.1023177707 -0.0955308587 
10.08056 0.00020 -0.1019702496 -0.0956365385 
10.08092 0.00020 -0.1025274418 -0.0957421150 
10.08128 0.00020 -0.1021795645 -0.0958473297 
10.08164 0.00020 -0.1022838754 -0.0959523763 
10.08200 0.00020 -0.1023880833 -0.0960573191 
10.08236 0.00020 -0.1024921879 -0.0961621580 
10.08272 0.00020 -0.1025962536 -0.0962669577 
10.08308 0.00020 -0.1027002161 -0.0963716534 
10.08344 0.00020 -0.1028040752 -0.0964762450 
10.08379 0.00020 -0.1029078630 -0.0965807648 
10.08415 0.00020 -0.1030115794 -0.0966852127 
10.08451 0.00020 -0.1031151923 -0.0967895564 
10.08487 0.00020 -0.1032187338 -0.0968938281 
10.08523 0.00020 -0.1033221394 -0.0969979630 
10.08558 0.00020 -0.1034255055 -0.0971020581 
10.08594 0.00020 -0.1035287999 -0.0972060811 
10.08629 0.00020 -0.1036319583 -0.0973099671 
10.08668 0.00020 -0.1037435052 -0.0974223007 
10.08704 0.00020 -0.1038465541 -0.0975260764 
10.08739 0.00020 -0.1039494666 -0.0976297147 
10.08775 0.00020 -0.1040523394 -0.0977333130 
10.08810 0.00020 -0.1041550757 -0.0978367740 
10.08846 0.00020 -0.1042577721 -0.0979401947 
10.08881 0.00020 -0.1043603641 -0.0980435102 
10.08916 0.00020 -0.1044628516 -0.0981467206 
10.08952 0.00020 -0.1045652990 -0.0982498905 
10.08987 0.00020 -0.1046676418 -0.0983529551 
10.09022 0.00020 -0.1047699121 -0.0984559468 
10.09058 0.00020 -0.1048720777 -0.0985588329 
10.09093 0.00020 -0.1049741707 -0.0986616460 
10.09128 0.00020 -0.1050761589 -0.0987643535 
10.09163 0.00020 -0.1051781066 -0.0988670202 
10.09199 0.00020 -0.1052799492 -0.0989695811 
10.09234 0.00020 -0.1053817191 -0.0990720688 
10.09269 0.00020 -0.1054833838 -0.0991744505 
10.09304 0.00020 -0.1055850078 -0.0992767913 
10.09339 0.00020 -0.1056865266 -0.0993790260 
10.09374 0.00020 -0.1057879400 -0.0994811546 
10.09409 0.00020 -0.1058893125 -0.0995832421 
10.09444 0.00020 -0.1059905795 -0.0996852234 
10.09479 0.00020 -0.1060917733 -0.0997871309 
10.09514 0.00020 -0.1061928614 -0.0998889320 
10.09549 0.00020 -0.1062939086 -0.0999906918 
10.09584 0.00020 -0.1063948499 -0.1000923451 
10.09618 0.00020 -0.1064957177 -0.1001939243 
10.09653 0.00020 -0.1065965121 -0.1002954295 
10.09688 0.00020 -0.1066972327 -0.1003968606 
10.09723 0.00020 -0.1067978473 -0.1004981848 
10.09757 0.00020 -0.1068983558 -0.1005994021 
10.09792 0.00020 -0.1069988553 -0.1007006105 
10.09827 0.00020 -0.1070992161 -0.1008016791 
10.09861 0.00020 -0.1071995355 -0.1009027060 
10.09896 0.00020 -0.1072997484 -0.1010036257 
10.09931 0.00020 -0.1073998873 -0.1011044709 
10.09965 0.00020 -0.1074999521 -0.1012052415 
10.10000 0.00020 -0.1075999428 -0.1013059373 
10.10037 0.00020 -0.1077080406 -0.1014147975 
10.10072 0.00020 -0.1078078522 -0.1015153131 
10.10106 0.00020 -0.1079076219 -0.1016157865 
10.10140 0.00020 -0.1080072848 -0.1017161523 
10.10175 0.00020 -0.1081068732 -0.1018164431 
10.10209 0.00020 -0.1082063546 -0.1019166262 
10.10243 0.00020 -0.1083057615 -0.1020167341 
10.10278 0.00020 -0.1084051262 -0.1021167996 
10.10312 0.00020 -0.1085043837 -0.1022167572 
10.10346 0.00020 -0.1086035991 -0.1023166723 
10.10381 0.00020 -0.1087026745 -0.1024164465 
10.10415 0.00020 -0.1088017402 -0.1025162109 
10.10449 0.00020 -0.1089006658 -0.1026158342 
10.10483 0.00020 -0.1089995490 -0.1027154148 
10.10517 0.00020 -0.1090983572 -0.1028149199 
10.10551 0.00020 -0.1091970902 -0.1029143493 
10.10585 0.00020 -0.1092957156 -0.1030136703 
10.10619 0.00020 -0.1093942983 -0.1031129483 
10.10653 0.00020 -0.1094927732 -0.1032121177 
10.10687 0.00020 -0.1095911727 -0.1033112112 
10.10721 0.00020 -0.1096895295 -0.1034102617 
10.10755 0.00020 -0.1097877782 -0.1035092033 
10.10789 0.00020 -0.1098859840 -0.1036081018 
10.10823 0.00020 -0.1099840816 -0.1037068913 
10.10857 0.00020 -0.1100821037 -0.1038056047 
10.10891 0.00020 -0.1101800500 -0.1039042418 
10.10924 0.00020 -0.1102779207 -0.1040028028 
10.10958 0.00020 -0.1103757156 -0.1041012874 
10.10992 0.00020 -0.1104734345 -0.1041996955 
10.11026 0.00020 -0.1105711103 -0.1042980602 
10.11059 0.00020 -0.1106611263 -0.1043887110 
10.11093 0.00020 -0.1107508014 -0.1044790186 
10.11127 0.00020 -0.1108404624 -0.1045693120 
10.11160 0.00020 -0.1109300112 -0.1046594924 
10.11194 0.00020 -0.1110195132 -0.1047496257 
10.11228 0.00020 -0.1111089029 -0.1048396458 
10.11261 0.00020 -0.1111982784 -0.1049296517 
10.11295 0.00020 -0.1112875088 -0.1050195114 
10.11328 0.00020 -0.1113767576 -0.1051093896 
10.11362 0.00020 -0.1114658939 -0.1051991546 
10.11398 0.00020 -0.1115622879 -0.1052962285 
10.11431 0.00020 -0.1116512988 -0.1053858671 
10.11464 0.00020 -0.1117478653 -0.1054831147 
10.11498 0.00020 -0.1118443879 -0.1055803181 
10.11531 0.00020 -0.1119408338 -0.1056774442 
10.11564 0.00020 -0.1120372028 -0.1057744929 
10.11598 0.00020 -0.1121335279 -0.1058714974 
10.11631 0.00020 -0.1122297432 -0.1059683912 
10.11664 0.00020 -0.1123259143 -0.1060652407 
10.11697 0.00020 -0.1124220084 -0.1061620125 
10.11731 0.00020 -0.1125180255 -0.1062587068 
10.11764 0.00020 -0.1126139326 -0.1063552903 
10.11797 0.00020 -0.1127097953 -0.1064518291 
10.11830 0.00020 -0.1128055808 -0.1065482902 
10.11863 0.00020 -0.1129013218 -0.1066447065 
10.11896 0.00020 -0.1129969855 -0.1067410449 
10.11929 0.00020 -0.1130925390 -0.1068372722 
10.11962 0.00020 -0.1131880478 -0.1069334547 
10.11995 0.00020 -0.1132834792 -0.1070295591 
10.12028 0.00020 -0.1133788330 -0.1071255855 
10.12061 0.00020 -0.1134740762 -0.1072215004 
10.12094 0.00020 -0.1135693076 -0.1073174035 
10.12127 0.00020 -0.1136644613 -0.1074132283 
10.12160 0.00020 -0.1137595372 -0.1075089747 
10.12192 0.00020 -0.1138545023 -0.1076046096 
10.12225 0.00020 -0.1139494554 -0.1077002324 
10.12258 0.00020 -0.1140442977 -0.1077957436 
10.12291 0.00020 -0.1141390619 -0.1078911762 
10.12323 0.00020 -0.1142338140 -0.1079865966 
10.12356 0.00020 -0.1143284221 -0.1080818719 
10.12389 0.00020 -0.1144229850 -0.1081771017 
10.12422 0.00020 -0.1145174697 -0.1082722528 
10.12454 0.00020 -0.1146119091 -0.1083673583 
10.12487 0.00020 -0.1147062702 -0.1084623849 
10.12519 0.00020 -0.1148005530 -0.1085573327 
10.12552 0.00020 -0.1148947573 -0.1086522014 
10.12584 0.00020 -0.1149889162 -0.1087470244 
10.12617 0.00020 -0.1150829965 -0.1088417683 
10.12649 0.00020 -0.1151769983 -0.1089364330 
10.12682 0.00020 -0.1152709214 -0.1090310186 
10.12717 0.00020 -0.1153724991 -0.1091333127 
10.12749 0.00020 -0.1154662665 -0.1092277415 
10.12782 0.00020 -0.1155599883 -0.1093221242 
10.12814 0.00020 -0.1156535980 -0.1094163942 
10.12846 0.00020 -0.1157471951 -0.1095106514 
10.12879 0.00020 -0.1158407132 -0.1096048290 
10.12911 0.00020 -0.1159341192 -0.1096988938 
10.12943 0.00020 -0.1160275123 -0.1097929457 
10.12976 0.00020 -0.1161207933 -0.1098868845 
10.13008 0.00020 -0.1162140282 -0.1099807771 
10.13040 0.00020 -0.1163071839 -0.1100745898 
10.13072 0.00020 -0.1164002604 -0.1101683227 
10.13104 0.00020 -0.1164932907 -0.1102620091 
10.13136 0.00020 -0.1165862748 -0.1103556491 
10.13168 0.00020 -0.1166791464 -0.1104491756 
10.13201 0.00020 -0.1167719384 -0.1105426221 
10.13233 0.00020 -0.1168647173 -0.1106360554 
10.13265 0.00020 -0.1169573835 -0.1107293751 
10.13297 0.00020 -0.1170500032 -0.1108226481 
10.13329 0.00020 -0.1171425433 -0.1109158409 
10.13361 0.00020 -0.1172350037 -0.1110089533 
10.13392 0.00020 -0.1173273843 -0.1111019855 
10.13424 0.00020 -0.1174197515 -0.1111950042 
10.13456 0.00020 -0.1175120056 -0.1112879090 
10.13488 0.00020 -0.1176042131 -0.1113807667 
10.13520 0.00020 -0.1176963405 -0.1114735439 
10.13552 0.00020 -0.1177884212 -0.1115662741 
10.13584 0.00020 -0.1178804219 -0.1116589236 
10.13615 0.00020 -0.1179723424 -0.1117514924 
10.13647 0.00020 -0.1180642160 -0.1118440140 
10.13679 0.00020 -0.1181560094 -0.1119364548 
10.13711 0.00020 -0.1182477225 -0.1120288148 
10.13742 0.00020 -0.1183394219 -0.1121211609 
10.13774 0.00020 -0.1184310076 -0.1122133926 
10.13805 0.00020 -0.1185225462 -0.1123055768 
10.13837 0.00020 -0.1186140044 -0.1123976800 
10.13869 0.00020 -0.1187054153 -0.1124897356 
10.13900 0.00020 -0.1187967124 -0.1125816766 
10.13932 0.00020 -0.1188879955 -0.1126736035 
10.13963 0.00020 -0.1189791979 -0.1127654492 
10.13997 0.00020 -0.1190778196 -0.1128647664 
10.14029 0.00020 -0.1191688621 -0.1129564511 
10.14060 0.00020 -0.1192598572 -0.1130480879 
10.14092 0.00020 -0.1193508048 -0.1131396770 
10.14123 0.00020 -0.1194416381 -0.1132311509 
10.14154 0.00020 -0.1195324572 -0.1133226106 
10.14186 0.00020 -0.1196231619 -0.1134139550 
10.14217 0.00020 -0.1197138523 -0.1135052850 
10.14248 0.00020 -0.1198044283 -0.1135964998 
10.14280 0.00020 -0.1198949564 -0.1136876664 
10.14311 0.00020 -0.1199854702 -0.1137788186 
10.14342 0.00020 -0.1200758359 -0.1138698217 
10.14373 0.00020 -0.1201662206 -0.1139608438 
10.14405 0.00020 -0.1202564905 -0.1140517504 
10.14436 0.00020 -0.1203466790 -0.1141425750 
10.14467 0.00020 -0.1204368195 -0.1142333512 
10.14498 0.00020 -0.1205269120 -0.1143240791 
10.14529 0.00020 -0.1206169229 -0.1144147249 
10.14560 0.00020 -0.1207054804 -0.1145039070 
10.14591 0.00020 -0.1207898059 -0.1145888272 
10.14622 0.00020 -0.1208740475 -0.1146736630 
10.14653 0.00020 -0.1209582386 -0.1147584479 
10.14684 0.00020 -0.1210423792 -0.1148431819 
10.14715 0.00020 -0.1211264357 -0.1149278312 
10.14746 0.00020 -0.1212104751 -0.1150124633 
10.14777 0.00020 -0.1212943969 -0.1150969770 
10.14808 0.00020 -0.1213783015 -0.1151814734 
10.14839 0.00020 -0.1214621553 -0.1152659186 
10.14870 0.00020 -0.1215459249 -0.1153502791 
10.14901 0.00020 -0.1216296438 -0.1154345884 
10.14932 0.00020 -0.1217132782 -0.1155188127 
10.14962 0.00020 -0.1217979017 -0.1156040330 
10.14993 0.00020 -0.1218868027 -0.1156935610 
10.15024 0.00020 -0.1219756550 -0.1157830399 
10.15055 0.00020 -0.1220644248 -0.1158724359 
10.15085 0.00020 -0.1221531458 -0.1159617826 
10.15116 0.00020 -0.1222417843 -0.1160510463 
10.15147 0.00020 -0.1223303403 -0.1161402269 
10.15177 0.00020 -0.1224189145 -0.1162294257 
