7.00000 0.00200 1.0545143354 1.3021155585 
7.30103 0.00200 0.9458227808 1.0734007137 
7.47712 0.00200 0.8773305804 0.9668678355 
7.60206 0.00200 0.8254800087 0.8976258645 
7.69897 0.00200 0.7852177205 0.8442636813 
7.77815 0.00200 0.7518356315 0.8041831156 
7.84510 0.00200 0.7232266793 0.7710694765 
7.90309 0.00200 0.6994272145 0.7430246289 
7.95424 0.00200 0.6776681189 0.7189433981 
8.00000 0.00200 0.6587835638 0.6978537348 
8.04139 0.00200 0.6417733262 0.6787237233 
8.07918 0.00200 0.6259756082 0.6617204707 
8.11394 0.00200 0.6114784562 0.6460630731 
8.14613 0.00200 0.5983782429 0.6318478588 
8.17609 0.00200 0.5854334944 0.6186320507 
8.20412 0.00200 0.5741954636 0.6063383010 
8.23045 0.00200 0.5629665407 0.5948800995 
8.25527 0.00200 0.5532874220 0.5841946717 
8.27875 0.00200 0.5434403796 0.5741516933 
8.30103 0.00200 0.5341778015 0.5647048088 
8.32222 0.00200 0.5254262641 0.5557791337 
8.34242 0.00200 0.5170854801 0.5472723850 
8.36173 0.00200 0.5092194617 0.5392498490 
8.38021 0.00200 0.5016882582 0.5315687899 
8.39794 0.00200 0.4944693483 0.5242062384 
8.41497 0.00200 0.4875879040 0.5171878674 
8.43136 0.00200 0.4809662174 0.5104344228 
8.44716 0.00200 0.4745853998 0.5039266399 
8.46240 0.00200 0.4684793218 0.4976990634 
8.47712 0.00200 0.4626479233 0.4917516320 
8.49136 0.00200 0.4570077258 0.4859992061 
8.50515 0.00200 0.4515466317 0.4804294474 
8.51851 0.00200 0.4462535719 0.4750310664 
8.53148 0.00200 0.4412112979 0.4698884615 
8.54407 0.00200 0.4363227517 0.4649026432 
8.55630 0.00200 0.4315719412 0.4600573012 
8.56820 0.00200 0.4262232738 0.4553447291 
8.57978 0.00200 0.4217281461 0.4507578173 
8.59106 0.00200 0.4173642321 0.4463047984 
8.60206 0.00200 0.4132387702 0.4420951004 
8.61278 0.00200 0.4092151561 0.4379893298 
8.62325 0.00200 0.4052885406 0.4339825384 
8.63347 0.00200 0.4007389397 0.4300700411 
8.64345 0.00200 0.3969947486 0.4262474476 
8.65321 0.00200 0.3933347500 0.4225108097 
8.66276 0.00200 0.3897551567 0.4188562605 
8.67210 0.00200 0.3863289059 0.4153582650 
8.68124 0.00200 0.3823138034 0.4119802213 
8.69020 0.00200 0.3790748877 0.4086717938 
8.69897 0.00200 0.3751983608 0.4054302266 
8.70757 0.00200 0.3720893508 0.4022528692 
8.71600 0.00200 0.3683408121 0.3991372293 
8.72428 0.00200 0.3653517573 0.3960809017 
8.73239 0.00200 0.3624188604 0.3930819959 
8.74036 0.00200 0.3588450106 0.3901387800 
8.74819 0.00200 0.3560178042 0.3872464640 
8.75587 0.00200 0.3525416277 0.3843987270 
8.76343 0.00200 0.3497984564 0.3815909444 
8.77085 0.00200 0.3471021773 0.3788311584 
8.77815 0.00200 0.3444478033 0.3761142646 
8.78533 0.00200 0.3411536192 0.3734457401 
8.79239 0.00200 0.3385901487 0.3708205467 
8.79934 0.00200 0.3360677372 0.3682374010 
8.80618 0.00200 0.3335818560 0.3656916651 
8.81291 0.00200 0.3311376644 0.3631886225 
8.81954 0.00200 0.3287307720 0.3607237773 
8.82607 0.00200 0.3256805931 0.3582960050 
8.83251 0.00200 0.3233432208 0.3559011268 
8.83885 0.00200 0.3210429480 0.3535442609 
8.84510 0.00200 0.3187982767 0.3512443645 
8.85126 0.00200 0.3167352888 0.3491306214 
8.85733 0.00200 0.3140247130 0.3470437956 
8.86332 0.00200 0.3120196969 0.3449883970 
8.86923 0.00200 0.3100419237 0.3429609259 
8.87506 0.00200 0.3073859646 0.3409258816 
8.88081 0.00200 0.3054188040 0.3389082551 
8.88649 0.00200 0.3034798745 0.3369195839 
8.89209 0.00200 0.3008981539 0.3349565758 
8.89763 0.00200 0.2989854475 0.3329937934 
8.90309 0.00200 0.2970138151 0.3309705423 
8.90849 0.00200 0.2950691460 0.3289749604 
8.91381 0.00200 0.2931483389 0.3270038652 
8.91908 0.00200 0.2912508062 0.3250566538 
8.92428 0.00200 0.2894043745 0.3231618812 
8.92942 0.00200 0.2869540553 0.3213257095 
8.93450 0.00200 0.2851865186 0.3195109659 
8.93952 0.00200 0.2834394675 0.3177172550 
8.94448 0.00200 0.2817101179 0.3159417184 
8.94939 0.00200 0.2800128551 0.3141991255 
8.95424 0.00200 0.2783700969 0.3125124929 
8.95904 0.00200 0.2760897351 0.3108444915 
8.96379 0.00200 0.2744817080 0.3091926692 
8.96848 0.00200 0.2728930608 0.3075607546 
8.97313 0.00200 0.2713213947 0.3059462837 
8.97772 0.00200 0.2697479658 0.3043300018 
8.98227 0.00200 0.2681314054 0.3026694139 
8.98677 0.00200 0.2658827493 0.3010280801 
8.99123 0.00200 0.2643021708 0.2994036192 
8.99564 0.00200 0.2627376079 0.2977956186 
9.00000 0.00200 0.2611868162 0.2962017715 
9.00432 0.00200 0.2596537520 0.2946261441 
9.00860 0.00200 0.2581465564 0.2930771035 
9.01284 0.00200 0.2566540714 0.2915431818 
9.01703 0.00200 0.2551760074 0.2900240816 
9.02119 0.00200 0.2537120940 0.2885195249 
9.02531 0.00200 0.2522620545 0.2870292272 
9.02938 0.00200 0.2508256321 0.2855529247 
9.03342 0.00200 0.2494097396 0.2840977221 
9.03743 0.00200 0.2480332812 0.2826830484 
9.04139 0.00200 0.2466693787 0.2812812792 
9.04532 0.00200 0.2453178248 0.2798922014 
9.04922 0.00200 0.2433388035 0.2785155701 
9.05308 0.00200 0.2420119625 0.2771511898 
9.05690 0.00200 0.2406968145 0.2757988335 
9.06070 0.00200 0.2393931343 0.2744582693 
9.06446 0.00200 0.2380945984 0.2731229950 
9.06818 0.00200 0.2368011322 0.2717929338 
9.07188 0.00200 0.2355186555 0.2704741730 
9.07554 0.00200 0.2342470370 0.2691665777 
9.07918 0.00200 0.2329860336 0.2678698978 
9.08278 0.00200 0.2317355069 0.2665839909 
9.08636 0.00200 0.2298622897 0.2653086553 
9.08990 0.00200 0.2286328116 0.2640437419 
9.09342 0.00200 0.2274091119 0.2627847734 
9.09691 0.00200 0.2261684616 0.2615083657 
9.10037 0.00200 0.2249376972 0.2602421290 
9.10380 0.00200 0.2237166389 0.2589858781 
9.10721 0.00200 0.2225051592 0.2577394819 
9.11059 0.00200 0.2213031279 0.2565028063 
9.11394 0.00200 0.2201103564 0.2552756574 
9.11727 0.00200 0.2189267367 0.2540579241 
9.12057 0.00200 0.2177521305 0.2528494642 
9.12385 0.00200 0.2165630265 0.2516260885 
9.12710 0.00200 0.2153624210 0.2503908799 
9.13033 0.00200 0.2141707246 0.2491648371 
9.13353 0.00200 0.2129878518 0.2479478722 
9.13671 0.00200 0.2118136299 0.2467398076 
9.13987 0.00200 0.2112710223 0.2455405214 
9.14301 0.00200 0.2101131776 0.2443499187 
9.14613 0.00200 0.2089612387 0.2431653890 
9.14922 0.00200 0.2078198771 0.2419917358 
9.15229 0.00200 0.2066913849 0.2408313161 
9.15534 0.00200 0.2056026915 0.2397118212 
9.15836 0.00200 0.2045215901 0.2386001331 
9.16137 0.00200 0.2034479715 0.2374961394 
9.16435 0.00200 0.2023817538 0.2363997560 
9.16732 0.00200 0.2013227951 0.2353108371 
9.17026 0.00200 0.2002710101 0.2342292948 
9.17318 0.00200 0.1992263120 0.2331550399 
9.17609 0.00200 0.1981885829 0.2320879513 
9.17897 0.00200 0.1971577625 0.2310279667 
9.18184 0.00200 0.1961337594 0.2299749923 
9.18469 0.00200 0.1950841442 0.2288956812 
9.18752 0.00200 0.1940018185 0.2277827341 
9.19033 0.00200 0.1929264811 0.2266769731 
9.19312 0.00200 0.1918580728 0.2255783372 
9.19590 0.00200 0.1907965032 0.2244867335 
9.19865 0.00200 0.1903536571 0.2234020363 
9.20139 0.00200 0.1893049479 0.2223242112 
9.20412 0.00200 0.1882628001 0.2212531298 
9.20682 0.00200 0.1872271474 0.2201887238 
9.20951 0.00200 0.1861978920 0.2191308926 
9.21218 0.00200 0.1851749649 0.2180795655 
9.21484 0.00200 0.1844503912 0.2061723546 
9.21748 0.00200 0.1836259005 0.2047190301 
9.22010 0.00200 0.1828230125 0.2032891614 
9.22271 0.00200 0.1820271003 0.2018678401 
9.22530 0.00200 0.1806375864 0.2004550027 
9.22788 0.00200 0.1798561450 0.1990505510 
9.23044 0.00200 0.1790799031 0.1976528080 
9.23299 0.00200 0.1780611847 0.1966180428 
9.23552 0.00200 0.1771054272 0.1956472301 
9.23804 0.00200 0.1767528187 0.1946820135 
9.24054 0.00200 0.1758075761 0.1937223690 
9.24303 0.00200 0.1748677649 0.1927682387 
9.24551 0.00200 0.1739332616 0.1918194972 
9.24797 0.00200 0.1730040729 0.1908761512 
9.25041 0.00200 0.1720801389 0.1899381400 
9.25285 0.00200 0.1717561664 0.1890053688 
9.25527 0.00200 0.1708397464 0.1880754584 
9.25768 0.00200 0.1699476875 0.1871702677 
9.26007 0.00200 0.1691080541 0.1863182742 
9.26245 0.00200 0.1682472633 0.1854448119 
9.26482 0.00200 0.1673911422 0.1845760879 
9.26717 0.00200 0.1665396553 0.1837120665 
9.26951 0.00200 0.1656927670 0.1828527113 
9.27184 0.00200 0.1648504407 0.1819979853 
9.27416 0.00200 0.1640125723 0.1811477828 
9.27646 0.00200 0.1637696039 0.1803020995 
9.27875 0.00200 0.1629401838 0.1794608967 
9.28103 0.00200 0.1621151087 0.1786241006 
9.28330 0.00200 0.1612943392 0.1777916713 
9.28556 0.00200 0.1604839823 0.1769698025 
9.28780 0.00200 0.1596989354 0.1761736032 
9.29003 0.00200 0.1589179004 0.1753814728 
9.29225 0.00200 0.1581381020 0.1745905966 
9.29446 0.00200 0.1573586256 0.1738000470 
9.29666 0.00200 0.1565831088 0.1730135132 
9.29885 0.00200 0.1558114724 0.1722309150 
9.30103 0.00200 0.1550459416 0.1714545090 
9.30319 0.00200 0.1542849321 0.1706826886 
9.30535 0.00200 0.1535276419 0.1699146404 
9.30749 0.00200 0.1527740934 0.1691503869 
9.30963 0.00200 0.1526087264 0.1683898804 
9.31175 0.00200 0.1518621752 0.1676331076 
9.31386 0.00200 0.1511192594 0.1668800200 
9.31597 0.00200 0.1503822298 0.1661328993 
9.31806 0.00200 0.1496503862 0.1653910355 
9.32014 0.00200 0.1489220446 0.1646527217 
9.32222 0.00200 0.1481971899 0.1639179425 
9.32428 0.00200 0.1474772098 0.1631881047 
9.32633 0.00200 0.1467622717 0.1624633778 
9.32838 0.00200 0.1460506783 0.1617420415 
9.33041 0.00200 0.1453424483 0.1610241147 
9.33243 0.00200 0.1446374946 0.1603095090 
9.33445 0.00200 0.1439358352 0.1595982427 
9.33645 0.00200 0.1432374173 0.1588902623 
9.33845 0.00200 0.1425421878 0.1581855139 
9.34044 0.00200 0.1418500930 0.1574839432 
9.34242 0.00200 0.1411594769 0.1567838714 
9.34439 0.00200 0.1404761600 0.1560911987 
9.34635 0.00200 0.1398158194 0.1554218169 
9.34830 0.00200 0.1391584649 0.1547554621 
9.35025 0.00200 0.1385040402 0.1540920772 
9.35218 0.00200 0.1378525603 0.1534316775 
9.35411 0.00200 0.1372039323 0.1527741687 
9.35603 0.00200 0.1365582428 0.1521196386 
9.35793 0.00200 0.1359217405 0.1514744215 
9.35983 0.00200 0.1352879720 0.1508319757 
9.36173 0.00200 0.1346569871 0.1501923516 
9.36361 0.00200 0.1340287272 0.1495554897 
9.36549 0.00200 0.1334032055 0.1489214035 
9.36735 0.00200 0.1327803991 0.1482900699 
9.36921 0.00200 0.1315860944 0.1476613915 
9.37107 0.00200 0.1309688892 0.1470354183 
9.37291 0.00200 0.1303542547 0.1464120524 
9.37475 0.00200 0.1297422764 0.1457913802 
9.37657 0.00200 0.1285710505 0.1451845330 
9.37840 0.00200 0.1279729382 0.1445776160 
9.38021 0.00200 0.1273773584 0.1439732687 
9.38201 0.00200 0.1267842128 0.1433713915 
9.38381 0.00200 0.1256218408 0.1427719958 
9.38560 0.00200 0.1250338959 0.1421750929 
9.38739 0.00200 0.1244483811 0.1415806571 
9.38916 0.00200 0.1238652704 0.1409886620 
9.39093 0.00200 0.1227030598 0.1403879149 
9.39269 0.00200 0.1221095537 0.1397850599 
9.39445 0.00200 0.1215184410 0.1391846360 
9.39620 0.00200 0.1209297328 0.1385866544 
9.39794 0.00200 0.1197740487 0.1379910134 
9.39967 0.00200 0.1191903307 0.1373977993 
9.40140 0.00200 0.1186089372 0.1368069474 
9.40312 0.00200 0.1174614110 0.1362183930 
9.40483 0.00200 0.1163168167 0.1356322222 
9.40654 0.00200 0.1157428203 0.1350482940 
9.40824 0.00200 0.1145927352 0.1344556403 
9.40993 0.00200 0.1140132877 0.1338658666 
9.41162 0.00200 0.1128691609 0.1332783763 
9.41330 0.00200 0.1122945030 0.1326931796 
9.41497 0.00200 0.1111541950 0.1321086829 
9.41664 0.00200 0.1100182011 0.1315279878 
9.41830 0.00200 0.1094507123 0.1309495022 
9.41996 0.00200 0.1083198937 0.1303731977 
9.42160 0.00200 0.1077569432 0.1297990457 
9.42325 0.00200 0.1066453456 0.1292414731 
9.42488 0.00200 0.1055514760 0.1287014303 
9.42651 0.00200 0.1050244559 0.1281633746 
9.42813 0.00200 0.1039353322 0.1276273526 
9.42975 0.00200 0.1034124960 0.1270932956 
9.43136 0.00200 0.1023280289 0.1265612115 
9.43297 0.00200 0.1012460695 0.1260311472 
9.43457 0.00200 0.1007295420 0.1255029946 
9.43616 0.00200 0.0996521599 0.1249768003 
9.43775 0.00200 0.0985371946 0.1244115985 
9.43933 0.00200 0.0979670130 0.1238279872 
9.44091 0.00200 0.0968327911 0.1232421872 
9.44248 0.00200 0.0962627741 0.1226584454 
9.44404 0.00200 0.0951335333 0.1220768493 
9.44560 0.00200 0.1074716010 0.1214973305 
9.44716 0.00200 0.0934436225 0.1209198982 
9.44870 0.00200 0.1063331716 0.1203444833 
9.45025 0.00200 0.1057670317 0.1197711734 
9.45178 0.00200 0.1052028632 0.1191998599 
9.45332 0.00200 0.1052003089 0.1186305911 
9.45484 0.00200 0.1046408781 0.1180643622 
9.45636 0.00200 0.1040974977 0.1175143787 
9.45788 0.00200 0.1029972446 0.1169663080 
9.45939 0.00200 0.1024579643 0.1164201979 
9.46090 0.00200 0.1019205499 0.1158759773 
9.46240 0.00200 0.1013849308 0.1153335748 
9.46389 0.00200 0.1008511932 0.1147930777 
9.46538 0.00200 0.1003193057 0.1142544539 
9.46686 0.00200 0.0997891971 0.1137176317 
9.46834 0.00200 0.0998177842 0.1131826585 
9.46982 0.00200 0.0992862141 0.1126446289 
9.47129 0.00200 0.0987489665 0.1121008527 
9.47275 0.00200 0.0982135379 0.1115589176 
9.47421 0.00200 0.0976798566 0.1110187511 
9.47567 0.00200 0.0971480094 0.1104804409 
9.47712 0.00200 0.0966165744 0.1099425479 
9.47857 0.00200 0.0960882574 0.1094078109 
9.48001 0.00200 0.0955616777 0.1088748323 
9.48144 0.00200 0.0956008220 0.1083532607 
9.48287 0.00200 0.0950980459 0.1078446325 
9.48430 0.00200 0.0945969186 0.1073376722 
9.48572 0.00200 0.0940974466 0.1068323865 
9.48714 0.00200 0.0936001972 0.1063293493 
9.48855 0.00200 0.0931067831 0.1058301920 
9.48996 0.00200 0.0926149295 0.1053326134 
9.49136 0.00200 0.0921247227 0.1048367007 
9.49276 0.00200 0.0916360886 0.1043423791 
9.49415 0.00200 0.0911489929 0.1038496137 
9.49554 0.00200 0.0906634817 0.1033584514 
9.49693 0.00200 0.0901795208 0.1028688574 
9.49831 0.00200 0.0896970756 0.1023807966 
9.49969 0.00200 0.0892161922 0.1018943159 
9.50106 0.00200 0.0887367955 0.1014093392 
9.50243 0.00200 0.0882558487 0.1009227944 
9.50379 0.00200 0.0877761900 0.1004375526 
9.50515 0.00200 0.0872980682 0.0999538655 
9.50650 0.00200 0.0862714374 0.0994716979 
9.50785 0.00200 0.0857965248 0.0989910142 
9.50920 0.00200 0.0853230836 0.0985118198 
9.51054 0.00200 0.0848510785 0.0980340790 
9.51188 0.00200 0.0849296501 0.0975578798 
9.51322 0.00200 0.0844602959 0.0970830625 
9.51455 0.00200 0.0839924354 0.0966097563 
9.51587 0.00200 0.0835259922 0.0961378838 
9.51719 0.00200 0.0830609302 0.0956674087 
9.51851 0.00200 0.0825973780 0.0951984608 
9.51983 0.00200 0.0821351352 0.0947308377 
9.52114 0.00200 0.0816590478 0.0942492088 
9.52244 0.00200 0.0811531517 0.0937374243 
9.52374 0.00200 0.0806487646 0.0932271662 
9.52504 0.00200 0.0806925248 0.0927184407 
9.52634 0.00200 0.0801909198 0.0922112538 
9.52763 0.00200 0.0796907597 0.0917055279 
9.52891 0.00200 0.0791957439 0.0912050036 
9.53020 0.00200 0.0787343523 0.0907384776 
9.53148 0.00200 0.0782731716 0.0902721649 
9.53275 0.00200 0.0778145347 0.0898084244 
9.53403 0.00200 0.0773867093 0.0893758381 
9.53529 0.00200 0.0769736432 0.0889581754 
9.53656 0.00200 0.0765617663 0.0885417151 
9.53782 0.00200 0.0761510824 0.0881264611 
9.53908 0.00200 0.0757415953 0.0877124173 
9.54033 0.00200 0.0753332669 0.0872995450 
9.54158 0.00200 0.0749261848 0.0868879329 
9.54282 0.00200 0.0745201850 0.0864774152 
9.54407 0.00200 0.0741153969 0.0860681226 
9.54531 0.00200 0.0737117403 0.0856599742 
9.54654 0.00200 0.0733092609 0.0852530159 
9.54777 0.00200 0.0729079201 0.0848472091 
9.54900 0.00200 0.0725076794 0.0844425144 
9.55023 0.00200 0.0726508749 0.0840389783 
9.55145 0.00200 0.0722527278 0.0836366041 
9.55267 0.00200 0.0718556917 0.0832353527 
9.55388 0.00200 0.0714597277 0.0828351849 
9.55509 0.00200 0.0710648816 0.0824361468 
9.55630 0.00200 0.0706711567 0.0820382418 
9.55751 0.00200 0.0702753303 0.0816382129 
9.55871 0.00200 0.0693268683 0.0812263074 
9.55990 0.00200 0.0689205970 0.0808155152 
9.56110 0.00200 0.0685154729 0.0804058828 
9.56229 0.00200 0.0681114568 0.0799973709 
9.56348 0.00200 0.0677085524 0.0795899829 
9.56466 0.00200 0.0673067630 0.0791837225 
9.56585 0.00200 0.0669060068 0.0787785067 
9.56702 0.00200 0.0665064153 0.0783744685 
9.56820 0.00200 0.0661078637 0.0779714818 
9.56937 0.00200 0.0662560081 0.0775762185 
9.57054 0.00200 0.0658765063 0.0771926876 
9.57171 0.00200 0.0654980855 0.0768102492 
9.57287 0.00200 0.0651206200 0.0764287762 
9.57403 0.00200 0.0647441556 0.0760483150 
9.57519 0.00200 0.0643686953 0.0756688685 
9.57634 0.00200 0.0639942850 0.0752904832 
9.57749 0.00200 0.0636208416 0.0749130750 
9.57864 0.00200 0.0632483679 0.0745366468 
9.57978 0.00200 0.0628759165 0.0741602412 
9.58092 0.00200 0.0625054329 0.0737858242 
9.58206 0.00200 0.0621359275 0.0734123959 
9.58320 0.00200 0.0617788335 0.0730515107 
9.58433 0.00200 0.0614320589 0.0727010545 
9.58546 0.00200 0.0610861753 0.0723514986 
9.58659 0.00200 0.0607411848 0.0720028455 
9.58771 0.00200 0.0603970465 0.0716550536 
9.58883 0.00200 0.0600538061 0.0713081690 
9.58995 0.00200 0.0597114660 0.0709621944 
9.59106 0.00200 0.0593700285 0.0706171319 
9.59218 0.00200 0.0590294525 0.0702729401 
9.59329 0.00200 0.0586896966 0.0699295771 
9.59439 0.00200 0.0583508502 0.0695871332 
9.59550 0.00200 0.0580128720 0.0692455668 
9.59660 0.00200 0.0576709560 0.0689000208 
9.59769 0.00200 0.0573297302 0.0685551722 
9.59879 0.00200 0.0569894153 0.0682112443 
9.59988 0.00200 0.0566499261 0.0678681508 
9.60097 0.00200 0.0563112648 0.0675258940 
9.60206 0.00200 0.0559735213 0.0671845648 
9.60314 0.00200 0.0556365663 0.0668440324 
9.60422 0.00200 0.0553004457 0.0665043433 
9.60530 0.00200 0.0549651617 0.0661654996 
9.60638 0.00200 0.0546307605 0.0658275481 
9.60745 0.00200 0.0542990948 0.0654923612 
9.60852 0.00200 0.0539698624 0.0651596335 
9.60959 0.00200 0.0536414366 0.0648277209 
9.61066 0.00200 0.0533138636 0.0644966701 
9.61172 0.00200 0.0535194065 0.0641663939 
9.61278 0.00200 0.0531932036 0.0638368944 
9.61384 0.00200 0.0528678158 0.0635082182 
9.61490 0.00200 0.0525432451 0.0631803674 
9.61595 0.00200 0.0522194492 0.0628532991 
9.61700 0.00200 0.0518964301 0.0625270155 
9.61805 0.00200 0.0515741896 0.0622015185 
9.61909 0.00200 0.0512527297 0.0618768099 
9.62013 0.00200 0.0509320524 0.0615528917 
9.62117 0.00200 0.0506121150 0.0612297210 
9.62221 0.00200 0.0502929194 0.0609072996 
9.62325 0.00200 0.0499737542 0.0605849088 
9.62428 0.00200 0.0496560917 0.0602640361 
9.62531 0.00200 0.0493392212 0.0599439633 
9.62634 0.00200 0.0490231000 0.0596246473 
9.62737 0.00200 0.0487076852 0.0593060448 
9.62839 0.00200 0.0483930679 0.0589882479 
9.62941 0.00200 0.0480791157 0.0586711229 
9.63043 0.00200 0.0477659647 0.0583548072 
9.63144 0.00200 0.0474535272 0.0580392122 
9.63246 0.00200 0.0471418498 0.0577243849 
9.63347 0.00200 0.0468307994 0.0574101910 
9.63448 0.00200 0.0465205575 0.0570968138 
9.63548 0.00200 0.0462110360 0.0567841642 
9.63649 0.00200 0.0458990412 0.0564690164 
9.63749 0.00200 0.0455874504 0.0561542766 
9.63849 0.00200 0.0458047644 0.0558402646 
9.63949 0.00200 0.0454944596 0.0555269822 
9.64048 0.00200 0.0451848339 0.0552143854 
9.64147 0.00200 0.0448759343 0.0549025215 
9.64246 0.00200 0.0445742291 0.0545979212 
9.64345 0.00200 0.0442792359 0.0543000973 
9.64444 0.00200 0.0439849007 0.0540029376 
9.64542 0.00200 0.0436912249 0.0537064437 
9.64640 0.00200 0.0433987542 0.0534111665 
9.64738 0.00200 0.0431077181 0.0531173376 
9.64836 0.00200 0.0428172568 0.0528240891 
9.64933 0.00200 0.0425275081 0.0525315599 
9.65031 0.00200 0.0422383824 0.0522396598 
9.65128 0.00200 0.0419499268 0.0519484362 
9.65224 0.00200 0.0416620972 0.0516578446 
9.65321 0.00200 0.0413748949 0.0513678863 
9.65417 0.00200 0.0410883214 0.0510785628 
9.65514 0.00200 0.0408024235 0.0507899215 
9.65610 0.00200 0.0405171573 0.0505019179 
9.65705 0.00200 0.0402325240 0.0502145533 
9.65801 0.00200 0.0399484336 0.0499277368 
9.65896 0.00200 0.0396650703 0.0496416543 
9.65991 0.00200 0.0393822983 0.0493561689 
9.66086 0.00200 0.0391001190 0.0490712818 
9.66181 0.00200 0.0388185336 0.0487869942 
9.66276 0.00200 0.0385369012 0.0485026594 
9.66370 0.00200 0.0382565988 0.0482196672 
9.66464 0.00200 0.0379768484 0.0479372323 
9.66558 0.00200 0.0376977430 0.0476554486 
9.66652 0.00200 0.0374191920 0.0473742247 
9.66745 0.00200 0.0371412888 0.0470936547 
9.66839 0.00200 0.0368639886 0.0468136936 
9.66932 0.00200 0.0365872927 0.0465343425 
9.67025 0.00200 0.0363111563 0.0462555563 
9.67117 0.00200 0.0360356267 0.0459773828 
9.67210 0.00200 0.0357606591 0.0456997766 
9.67302 0.00200 0.0354863008 0.0454227855 
9.67394 0.00200 0.0352125068 0.0451463642 
9.67486 0.00200 0.0354619750 0.0448705139 
9.67578 0.00200 0.0351891757 0.0445952358 
9.67669 0.00200 0.0349170372 0.0443206246 
9.67761 0.00200 0.0346454219 0.0440465413 
9.67852 0.00200 0.0343743308 0.0437729871 
9.67943 0.00200 0.0341026977 0.0434988857 
9.68033 0.00200 0.0338160766 0.0432096603 
9.68124 0.00200 0.0335300082 0.0429209926 
9.68214 0.00200 0.0332445867 0.0426329776 
9.68305 0.00200 0.0329597203 0.0423455229 
9.68395 0.00200 0.0326754570 0.0420586768 
9.68484 0.00200 0.0323917981 0.0417724404 
9.68574 0.00200 0.0321086515 0.0414867211 
9.68663 0.00200 0.0318262052 0.0412017083 
9.68753 0.00200 0.0315442270 0.0409171679 
9.68842 0.00200 0.0312665494 0.0406369673 
9.68931 0.00200 0.0310070192 0.0403750790 
9.69019 0.00200 0.0307479407 0.0401136464 
9.69108 0.00200 0.0304894550 0.0398528120 
9.69196 0.00200 0.0302314697 0.0395924825 
9.69285 0.00200 0.0299740325 0.0393327062 
9.69373 0.00200 0.0297170978 0.0390734369 
9.69460 0.00200 0.0294607133 0.0388147229 
9.69548 0.00200 0.0292047864 0.0385564705 
9.69635 0.00200 0.0289494118 0.0382987755 
9.69723 0.00200 0.0286945437 0.0380415915 
9.69810 0.00200 0.0284401829 0.0377849196 
9.69897 0.00200 0.0281857188 0.0375281433 
9.69984 0.00200 0.0279323755 0.0372724981 
9.70070 0.00200 0.0276795426 0.0370173678 
9.70157 0.00200 0.0274272681 0.0367628011 
9.70243 0.00200 0.0271754118 0.0365086563 
9.70329 0.00200 0.0269241159 0.0362550771 
9.70415 0.00200 0.0266732399 0.0360019215 
9.70501 0.00200 0.0264229263 0.0357493335 
9.70586 0.00200 0.0261730817 0.0354972187 
9.70672 0.00200 0.0259240854 0.0352459600 
9.70757 0.00200 0.0256768856 0.0349965141 
9.70842 0.00200 0.0254301122 0.0347474984 
9.70927 0.00200 0.0251839079 0.0344990570 
9.71012 0.00200 0.0249380844 0.0342509998 
9.71096 0.00200 0.0246928319 0.0340035189 
9.71181 0.00200 0.0244479618 0.0337564238 
9.71265 0.00200 0.0242035697 0.0335098111 
9.71349 0.00200 0.0239597040 0.0332637296 
9.71433 0.00200 0.0237163183 0.0330181324 
9.71517 0.00200 0.0234733658 0.0327729723 
9.71600 0.00200 0.0232308949 0.0325282983 
9.71684 0.00200 0.0229888588 0.0322840630 
9.71767 0.00200 0.0227473539 0.0320403636 
9.71850 0.00200 0.0230223944 0.0317970567 
9.71933 0.00200 0.0227816896 0.0315542873 
9.72016 0.00200 0.0225413756 0.0313119121 
9.72098 0.00200 0.0223015486 0.0310700281 
9.72181 0.00200 0.0220622096 0.0308286362 
9.72263 0.00200 0.0218233115 0.0305876891 
9.72345 0.00200 0.0215848074 0.0303471393 
9.72427 0.00200 0.0213468416 0.0301071324 
9.72509 0.00200 0.0211092235 0.0298674762 
9.72591 0.00200 0.0208720974 0.0296283162 
9.72673 0.00200 0.0206354644 0.0293896535 
9.72754 0.00200 0.0203992292 0.0291513921 
9.72835 0.00200 0.0201634406 0.0289135811 
9.72916 0.00200 0.0199280995 0.0286762215 
9.72997 0.00200 0.0196931586 0.0284392654 
9.73078 0.00200 0.0194587147 0.0282028107 
9.73159 0.00200 0.0192246726 0.0279667611 
9.73239 0.00200 0.0189904550 0.0277305346 
9.73320 0.00200 0.0187573146 0.0274953945 
9.73400 0.00200 0.0185245781 0.0272606618 
9.73480 0.00200 0.0182922464 0.0270263373 
9.73560 0.00200 0.0180603683 0.0267924704 
9.73640 0.00200 0.0178288965 0.0265590132 
9.73719 0.00200 0.0175978799 0.0263260151 
9.73799 0.00200 0.0173672711 0.0260934283 
9.73878 0.00200 0.0171371190 0.0258613022 
9.73957 0.00200 0.0169073278 0.0256295400 
9.74036 0.00200 0.0166794957 0.0253997538 
9.74115 0.00200 0.0164525119 0.0251708231 
9.74194 0.00200 0.0162259900 0.0249423582 
9.74272 0.00200 0.0159997852 0.0247142132 
9.74351 0.00200 0.0157740923 0.0244865845 
9.74429 0.00200 0.0155487665 0.0242593260 
9.74507 0.00200 0.0153238083 0.0240324384 
9.74585 0.00200 0.0150993158 0.0238060203 
9.74663 0.00200 0.0148751923 0.0235799745 
9.74741 0.00200 0.0146514871 0.0233543505 
9.74819 0.00200 0.0144267897 0.0231277258 
9.74896 0.00200 0.0142011958 0.0229001970 
9.74974 0.00200 0.0139760196 0.0226730894 
9.75051 0.00200 0.0137512618 0.0224464038 
9.75128 0.00200 0.0135268743 0.0222200917 
9.75205 0.00200 0.0133029066 0.0219942029 
9.75282 0.00200 0.0130793594 0.0217687383 
9.75358 0.00200 0.0128561356 0.0215436000 
9.75435 0.00200 0.0126333826 0.0213189364 
9.75511 0.00200 0.0124109544 0.0210946003 
9.75587 0.00200 0.0121889983 0.0208707405 
9.75663 0.00200 0.0119673193 0.0206471601 
9.75739 0.00200 0.0117461139 0.0204240573 
9.75815 0.00200 0.0115252847 0.0202013340 
9.75891 0.00200 0.0113047834 0.0199789415 
9.75967 0.00200 0.0110847087 0.0197569791 
9.76042 0.00200 0.0108650122 0.0195353982 
9.76117 0.00200 0.0106457436 0.0193142489 
9.76193 0.00200 0.0104268054 0.0190934329 
9.76268 0.00200 0.0102082474 0.0188730002 
9.76343 0.00200 0.0099895292 0.0186524060 
9.76418 0.00200 0.0097717329 0.0184327417 
9.76492 0.00200 0.0095542695 0.0182134131 
9.76567 0.00200 0.0093372380 0.0179945200 
9.76641 0.00200 0.0091205404 0.0177759639 
9.76716 0.00200 0.0089042761 0.0175578445 
9.76790 0.00200 0.0086883469 0.0173400633 
9.76864 0.00200 0.0084727042 0.0171225710 
9.76938 0.00200 0.0082575459 0.0169055673 
9.77011 0.00200 0.0080427247 0.0166889034 
9.77085 0.00200 0.0078282410 0.0164725801 
9.77159 0.00200 0.0076141448 0.0162566476 
9.77232 0.00200 0.0074003874 0.0160410567 
9.77305 0.00200 0.0071869693 0.0158258081 
9.77379 0.00200 0.0069739901 0.0156110021 
9.77452 0.00200 0.0067611532 0.0153963397 
9.77525 0.00200 0.0065478640 0.0151812211 
9.77597 0.00200 0.0063349651 0.0149664961 
9.77670 0.00200 0.0061223578 0.0147520652 
9.77743 0.00200 0.0059101419 0.0145380291 
9.77815 0.00200 0.0056983180 0.0143243884 
9.77887 0.00200 0.0054867875 0.0141110435 
9.77960 0.00200 0.0052756500 0.0138980951 
9.78032 0.00200 0.0050648069 0.0136854435 
9.78104 0.00200 0.0048543582 0.0134731897 
9.78175 0.00200 0.0046442547 0.0132612841 
9.78247 0.00200 0.0044344471 0.0130496769 
9.78319 0.00200 0.0042250854 0.0128385195 
9.78390 0.00200 0.0040159709 0.0126276114 
9.78462 0.00200 0.0038072536 0.0124171039 
9.78533 0.00200 0.0035988843 0.0122069474 
9.78604 0.00200 0.0033908136 0.0119970920 
9.78675 0.00200 0.0031830919 0.0117875886 
9.78746 0.00200 0.0029757198 0.0115784379 
9.78817 0.00200 0.0027686478 0.0113695898 
9.78887 0.00200 0.0025620265 0.0111611963 
9.78958 0.00200 0.0023556564 0.0109530561 
9.79028 0.00200 0.0021495880 0.0107452202 
9.79099 0.00200 0.0019439219 0.0105377900 
9.79169 0.00200 0.0017385585 0.0103306652 
9.79239 0.00200 0.0015330470 0.0101233910 
9.79309 0.00200 0.0013283405 0.0099169287 
9.79379 0.00200 0.0011239382 0.0097107732 
9.79449 0.00200 0.0009198907 0.0095049756 
9.79518 0.00200 0.0007161988 0.0092995365 
9.79588 0.00200 0.0005128126 0.0090944058 
9.79657 0.00200 0.0003097829 0.0088896347 
9.79727 0.00200 0.0001070096 0.0086851222 
9.79796 0.00200 -0.0000954061 0.0084809703 
9.79865 0.00200 -0.0002974638 0.0082771795 
9.79934 0.00200 -0.0004992636 0.0080736488 
9.80003 0.00200 -0.0007006540 0.0078705311 
9.80072 0.00200 -0.0009018360 0.0076676236 
9.80140 0.00200 -0.0011026578 0.0074650792 
9.80209 0.00200 -0.0013031191 0.0072628985 
9.80277 0.00200 -0.0015033203 0.0070609802 
9.80346 0.00200 -0.0017031598 0.0068594267 
9.80414 0.00200 -0.0019027382 0.0066581364 
9.80482 0.00200 -0.0021023586 0.0064568038 
9.80550 0.00200 -0.0023017680 0.0062556840 
9.80618 0.00200 -0.0025008649 0.0060548795 
9.80686 0.00200 -0.0026996486 0.0058543907 
9.80753 0.00200 -0.0028981189 0.0056542182 
9.80821 0.00200 -0.0030962751 0.0054543623 
9.80888 0.00200 -0.0032941168 0.0052548236 
9.80956 0.00200 -0.0034916944 0.0050555514 
9.81023 0.00200 -0.0036889057 0.0048566485 
9.81090 0.00200 -0.0038859028 0.0046579618 
9.81157 0.00200 -0.0040819230 0.0044602603 
9.81224 0.00200 -0.0042774226 0.0042630839 
9.81291 0.00200 -0.0044726041 0.0040662282 
9.81358 0.00200 -0.0046675180 0.0038696425 
9.81425 0.00200 -0.0048621130 0.0036733785 
9.81491 0.00200 -0.0050563886 0.0034774366 
9.81558 0.00200 -0.0052504462 0.0032817145 
9.81624 0.00200 -0.0054441325 0.0030863668 
9.81690 0.00200 -0.0056375492 0.0028912912 
9.81756 0.00200 -0.0058306956 0.0026964881 
9.81822 0.00200 -0.0060234694 0.0025020609 
9.81888 0.00200 -0.0057146185 0.0023078556 
9.81954 0.00200 -0.0059074067 0.0021135119 
9.82020 0.00200 -0.0060994631 0.0019199058 
9.82086 0.00200 -0.0062912471 0.0017265744 
9.82151 0.00200 -0.0064827071 0.0015335696 
9.82217 0.00200 -0.0066738938 0.0013408403 
9.82282 0.00200 -0.0068647557 0.0011484384 
9.82347 0.00200 -0.0070553433 0.0009563130 
9.82413 0.00200 -0.0072456565 0.0007644642 
9.82478 0.00200 -0.0074356948 0.0005728926 
9.82543 0.00200 -0.0076254578 0.0003815986 
9.82607 0.00200 -0.0078148936 0.0001906342 
9.82672 0.00200 -0.0080040790 -0.0000000777 
9.82737 0.00200 -0.0081929879 -0.0001905107 
9.82801 0.00200 -0.0083816198 -0.0003806646 
9.82866 0.00200 -0.0085699229 -0.0005704871 
9.82930 0.00200 -0.0087579997 -0.0007600814 
9.82995 0.00200 -0.0089457726 -0.0009493694 
9.83059 0.00200 -0.0091332927 -0.0011384025 
9.83123 0.00200 -0.0093205081 -0.0013271284 
9.83187 0.00200 -0.0095074698 -0.0015155987 
9.83251 0.00200 -0.0096941518 -0.0017037870 
9.83315 0.00200 -0.0098805280 -0.0018916669 
9.83378 0.00200 -0.0100666751 -0.0020793159 
9.83442 0.00200 -0.0102525155 -0.0022666558 
9.83506 0.00200 -0.0104381003 -0.0024537381 
9.83569 0.00200 -0.0106234035 -0.0026405364 
9.83632 0.00200 -0.0108084246 -0.0028270503 
9.83696 0.00200 -0.0109932148 -0.0030133315 
9.83759 0.00200 -0.0111777222 -0.0031993277 
9.83822 0.00200 -0.0113619463 -0.0033850382 
9.83885 0.00200 -0.0115459127 -0.0035704889 
9.83948 0.00200 -0.0117296209 -0.0037556794 
9.84010 0.00200 -0.0119130448 -0.0039405832 
9.84073 0.00200 -0.0120962356 -0.0041252521 
9.84136 0.00200 -0.0122791413 -0.0043096336 
9.84198 0.00200 -0.0124617615 -0.0044937273 
9.84261 0.00200 -0.0126441475 -0.0046775849 
9.84323 0.00200 -0.0128262733 -0.0048611802 
9.84385 0.00200 -0.0130081124 -0.0050444865 
9.84448 0.00200 -0.0131897164 -0.0052275558 
9.84510 0.00200 -0.0133715270 -0.0054108333 
9.84572 0.00200 -0.0135518276 -0.0055925887 
9.84634 0.00200 -0.0137316052 -0.0057738169 
9.84696 0.00200 -0.0139111455 -0.0059548057 
9.84757 0.00200 -0.0140904480 -0.0061355550 
9.84819 0.00200 -0.0142694605 -0.0063160119 
9.84880 0.00200 -0.0144482346 -0.0064962284 
9.84942 0.00200 -0.0146267700 -0.0066762043 
9.85003 0.00200 -0.0148050141 -0.0068558867 
9.85065 0.00200 -0.0149830189 -0.0070353277 
9.85126 0.00200 -0.0151607840 -0.0072145270 
9.85187 0.00200 -0.0153383090 -0.0073934844 
9.85248 0.00200 -0.0155155936 -0.0075721995 
9.85309 0.00200 -0.0156926113 -0.0077506455 
9.85370 0.00200 -0.0158693619 -0.0079288222 
9.85431 0.00200 -0.0160458972 -0.0081067819 
9.85491 0.00200 -0.0162221646 -0.0082844715 
9.85552 0.00200 -0.0163981899 -0.0084619171 
9.85612 0.00200 -0.0165739729 -0.0086391184 
9.85673 0.00200 -0.0167495132 -0.0088160750 
9.85733 0.00200 -0.0169248104 -0.0089927867 
9.85793 0.00200 -0.0170998642 -0.0091692530 
9.85854 0.00200 -0.0172746482 -0.0093454472 
9.85914 0.00200 -0.0174492406 -0.0095214483 
9.85974 0.00200 -0.0176235624 -0.0096971766 
9.86034 0.00200 -0.0177976395 -0.0098726583 
9.86094 0.00200 -0.0179714979 -0.0100479195 
9.86153 0.00200 -0.0181450848 -0.0102229070 
9.86213 0.00200 -0.0183184523 -0.0103976733 
9.86273 0.00200 -0.0184916002 -0.0105722182 
9.86332 0.00200 -0.0186644755 -0.0107464884 
9.86392 0.00200 -0.0188371305 -0.0109205365 
9.86451 0.00200 -0.0190095650 -0.0110943623 
9.86510 0.00200 -0.0191817523 -0.0112679389 
9.86569 0.00200 -0.0193536920 -0.0114412659 
9.86629 0.00200 -0.0195253840 -0.0116143432 
9.86688 0.00200 -0.0196968805 -0.0117872234 
9.86747 0.00200 -0.0198681285 -0.0119598532 
9.86805 0.00200 -0.0200391542 -0.0121322588 
9.86864 0.00200 -0.0202099308 -0.0123044133 
9.86923 0.00200 -0.0203809073 -0.0124767693 
9.86982 0.00200 -0.0205512378 -0.0126484742 
9.87040 0.00200 -0.0207213447 -0.0128199537 
9.87099 0.00200 -0.0208912014 -0.0129911808 
9.87157 0.00200 -0.0210608339 -0.0131621820 
9.87216 0.00200 -0.0212302684 -0.0133329836 
9.87274 0.00200 -0.0213994252 -0.0135035053 
9.87332 0.00200 -0.0215686750 -0.0136741207 
9.87390 0.00200 -0.0217382033 -0.0138450169 
9.87448 0.00200 -0.0219075067 -0.0140156863 
9.87506 0.00200 -0.0220766113 -0.0141861553 
9.87564 0.00200 -0.0222454638 -0.0143563702 
9.87622 0.00200 -0.0224140905 -0.0145263575 
9.87679 0.00200 -0.0225825440 -0.0146961702 
9.87737 0.00200 -0.0227506915 -0.0148656744 
9.87795 0.00200 -0.0229186920 -0.0150350304 
9.87852 0.00200 -0.0230864123 -0.0152041040 
9.87910 0.00200 -0.0232536924 -0.0153727338 
9.87967 0.00200 -0.0234196270 -0.0155400072 
9.88024 0.00200 -0.0235853858 -0.0157071035 
9.88081 0.00200 -0.0237509155 -0.0158739688 
9.88138 0.00200 -0.0239162157 -0.0160406027 
9.88195 0.00200 -0.0240812862 -0.0162070051 
9.88252 0.00200 -0.0242461532 -0.0163732024 
9.88309 0.00200 -0.0244108433 -0.0165392213 
9.88366 0.00200 -0.0245752762 -0.0167049809 
9.88423 0.00200 -0.0247395049 -0.0168705347 
9.88479 0.00200 -0.0249035291 -0.0170358823 
9.88536 0.00200 -0.0250673220 -0.0172009968 
9.88593 0.00200 -0.0252309098 -0.0173659045 
9.88649 0.00200 -0.0253942657 -0.0175305785 
9.88705 0.00200 -0.0255574429 -0.0176950723 
9.88762 0.00200 -0.0257203875 -0.0178593317 
9.88818 0.00200 -0.0258831262 -0.0180233834 
9.88874 0.00200 -0.0260456586 -0.0181872272 
9.88930 0.00200 -0.0262079844 -0.0183508627 
9.88986 0.00200 -0.0263701034 -0.0185142899 
9.89042 0.00200 -0.0265319887 -0.0186774813 
9.89098 0.00200 -0.0266936934 -0.0188404907 
9.89154 0.00200 -0.0268551637 -0.0190032639 
9.89209 0.00200 -0.0270168556 -0.0191662604 
9.89265 0.00200 -0.0271779101 -0.0193286144 
9.89321 0.00200 -0.0273387832 -0.0194907855 
9.89376 0.00200 -0.0274994477 -0.0196527463 
9.89432 0.00200 -0.0276599034 -0.0198144966 
9.89487 0.00200 -0.0278201768 -0.0199760633 
9.89542 0.00200 -0.0279802140 -0.0201373917 
9.89597 0.00200 -0.0281400685 -0.0202985361 
9.89653 0.00200 -0.0282996863 -0.0204594418 
9.89708 0.00200 -0.0279691860 -0.0206201628 
9.89763 0.00200 -0.0281284905 -0.0207806717 
9.89818 0.00200 -0.0282876113 -0.0209409955 
9.89872 0.00200 -0.0284465481 -0.0211011339 
9.89927 0.00200 -0.0286052198 -0.0212610052 
9.89982 0.00200 -0.0287637610 -0.0214207450 
9.90037 0.00200 -0.0289220635 -0.0215802444 
9.90091 0.00200 -0.0290801810 -0.0217395574 
9.90146 0.00200 -0.0292380864 -0.0218986566 
9.90200 0.00200 -0.0293958063 -0.0220575690 
9.90255 0.00200 -0.0295533407 -0.0222162944 
9.90309 0.00200 -0.0297106351 -0.0223747780 
9.90363 0.00200 -0.0298677704 -0.0225331013 
9.90417 0.00200 -0.0300246923 -0.0226912097 
9.90471 0.00200 -0.0301814548 -0.0228491573 
9.90526 0.00200 -0.0303380034 -0.0230068895 
9.90580 0.00200 -0.0304943107 -0.0231643786 
9.90633 0.00200 -0.0306504851 -0.0233217337 
9.90687 0.00200 -0.0308064448 -0.0234788725 
9.90741 0.00200 -0.0309622168 -0.0236358223 
9.90795 0.00200 -0.0311177737 -0.0237925553 
9.90848 0.00200 -0.0312731425 -0.0239490987 
9.90902 0.00200 -0.0314283501 -0.0241054797 
9.90955 0.00200 -0.0315833146 -0.0242616159 
9.91009 0.00200 -0.0317381447 -0.0244176166 
9.91062 0.00200 -0.0318927586 -0.0245733994 
9.91116 0.00200 -0.0320472103 -0.0247290189 
9.91169 0.00200 -0.0322014181 -0.0248843926 
9.91222 0.00200 -0.0323554634 -0.0250396025 
9.91275 0.00200 -0.0325093188 -0.0251946211 
9.91328 0.00200 -0.0326629839 -0.0253494480 
9.91381 0.00200 -0.0328168673 -0.0255044949 
9.91434 0.00200 -0.0329701516 -0.0256589381 
9.91487 0.00200 -0.0331232723 -0.0258132164 
9.91540 0.00200 -0.0332762019 -0.0259673022 
9.91593 0.00200 -0.0334289402 -0.0261211953 
9.91645 0.00200 -0.0335815143 -0.0262749229 
9.91698 0.00200 -0.0337338694 -0.0264284299 
9.91751 0.00200 -0.0338860325 -0.0265817435 
9.91803 0.00200 -0.0340380308 -0.0267348909 
9.91855 0.00200 -0.0341898641 -0.0268878721 
9.91908 0.00200 -0.0343414774 -0.0270406317 
9.91960 0.00200 -0.0344929526 -0.0271932522 
9.92012 0.00200 -0.0346440707 -0.0273455128 
9.92064 0.00200 -0.0347945575 -0.0274971373 
9.92117 0.00200 -0.0349448777 -0.0276485941 
9.92169 0.00200 -0.0350950314 -0.0277998829 
9.92221 0.00200 -0.0352449907 -0.0279509760 
9.92272 0.00200 -0.0353947555 -0.0281018732 
9.92324 0.00200 -0.0355443531 -0.0282526018 
9.92376 0.00200 -0.0356937557 -0.0284031339 
9.92428 0.00200 -0.0358429907 -0.0285534971 
9.92480 0.00200 -0.0359920852 -0.0287037189 
9.92531 0.00200 -0.0361409566 -0.0288537159 
9.92583 0.00200 -0.0362896599 -0.0290035434 
9.92634 0.00200 -0.0364381946 -0.0291532011 
9.92686 0.00200 -0.0365865607 -0.0293026889 
9.92737 0.00200 -0.0367347579 -0.0294520065 
9.92788 0.00200 -0.0368827585 -0.0296011261 
9.92839 0.00200 -0.0370305899 -0.0297500752 
9.92891 0.00200 -0.0371782517 -0.0298988534 
9.92942 0.00200 -0.0373257440 -0.0300474608 
9.92993 0.00200 -0.0374730388 -0.0301958692 
9.93044 0.00200 -0.0376201912 -0.0303441342 
9.93095 0.00200 -0.0377671457 -0.0304921997 
9.93146 0.00200 -0.0379139298 -0.0306400936 
9.93196 0.00200 -0.0380605709 -0.0307878434 
9.93247 0.00200 -0.0382070411 -0.0309354210 
9.93298 0.00200 -0.0383532852 -0.0310827707 
9.93349 0.00200 -0.0384993856 -0.0312299758 
9.93399 0.00200 -0.0386453699 -0.0313770638 
9.93450 0.00200 -0.0387914866 -0.0315242851 
9.93500 0.00200 -0.0389371829 -0.0316710830 
9.93551 0.00200 -0.0390826521 -0.0318176520 
9.93601 0.00200 -0.0392280045 -0.0319641033 
9.93651 0.00200 -0.0393731846 -0.0321103811 
9.93702 0.00200 -0.0395181646 -0.0322564571 
9.93752 0.00200 -0.0396629995 -0.0324023871 
9.93802 0.00200 -0.0398076617 -0.0325481430 
9.93852 0.00200 -0.0399521508 -0.0326937245 
9.93902 0.00200 -0.0400964943 -0.0328391594 
9.93952 0.00200 -0.0402406645 -0.0329844195 
9.94002 0.00200 -0.0403846888 -0.0331295327 
9.94052 0.00200 -0.0405285116 -0.0332744429 
9.94102 0.00200 -0.0406721605 -0.0334191779 
9.94151 0.00200 -0.0408156629 -0.0335637652 
9.94201 0.00200 -0.0409590188 -0.0337082050 
9.94251 0.00200 -0.0411021724 -0.0338524409 
9.94300 0.00200 -0.0412452069 -0.0339965567 
9.94350 0.00200 -0.0413880665 -0.0341404964 
9.94399 0.00200 -0.0415307510 -0.0342842597 
9.94449 0.00200 -0.0416732881 -0.0344278745 
9.94498 0.00200 -0.0418156498 -0.0345713125 
9.94547 0.00200 -0.0419578916 -0.0347146297 
9.94597 0.00200 -0.0421002360 -0.0348580502 
9.94646 0.00200 -0.0422424603 -0.0350013499 
9.94695 0.00200 -0.0423845087 -0.0351444722 
9.94744 0.00200 -0.0425264089 -0.0352874452 
9.94793 0.00200 -0.0426681328 -0.0354302406 
9.94842 0.00200 -0.0428097081 -0.0355728863 
9.94891 0.00200 -0.0429511068 -0.0357153541 
9.94940 0.00200 -0.0430923287 -0.0358576436 
9.94988 0.00200 -0.0432334293 -0.0359998111 
9.95037 0.00200 -0.0433743807 -0.0361418282 
9.95086 0.00200 -0.0435149314 -0.0362834415 
9.95134 0.00200 -0.0436552764 -0.0364248476 
9.95183 0.00200 -0.0437954715 -0.0365661026 
9.95232 0.00200 -0.0439355166 -0.0367072064 
9.95280 0.00200 -0.0440754393 -0.0368481870 
9.95328 0.00200 -0.0442151836 -0.0369889879 
9.95377 0.00200 -0.0443547495 -0.0371296090 
9.95429 0.00200 -0.0445056141 -0.0372816143 
9.95477 0.00200 -0.0446448820 -0.0374219350 
9.95526 0.00200 -0.0447839708 -0.0375620754 
9.95574 0.00200 -0.0449229363 -0.0377020915 
9.95622 0.00200 -0.0450617223 -0.0378419269 
9.95670 0.00200 -0.0452003849 -0.0379816378 
9.95718 0.00200 -0.0453388677 -0.0381211676 
9.95766 0.00200 -0.0454772266 -0.0382605726 
9.95814 0.00200 -0.0456154054 -0.0383997961 
9.95861 0.00200 -0.0457534321 -0.0385388663 
9.95909 0.00200 -0.0458913063 -0.0386777829 
9.95957 0.00200 -0.0460290280 -0.0388165458 
9.96005 0.00200 -0.0461666251 -0.0389551832 
9.96052 0.00200 -0.0463040412 -0.0390936383 
9.96100 0.00200 -0.0464413325 -0.0392319675 
9.96147 0.00200 -0.0465784424 -0.0393701141 
9.96195 0.00200 -0.0467154553 -0.0395081628 
9.96242 0.00200 -0.0468522584 -0.0396460003 
9.96289 0.00200 -0.0469889360 -0.0397837112 
9.96337 0.00200 -0.0471254598 -0.0399212672 
9.96384 0.00200 -0.0472618297 -0.0400586681 
9.96431 0.00200 -0.0473980735 -0.0401959420 
9.96478 0.00200 -0.0475341632 -0.0403330606 
9.96525 0.00200 -0.0476700984 -0.0404700236 
9.96572 0.00200 -0.0478059072 -0.0406068591 
9.96619 0.00200 -0.0479415331 -0.0407435104 
9.96666 0.00200 -0.0480770323 -0.0408800341 
9.96713 0.00200 -0.0482123765 -0.0410164015 
9.96760 0.00200 -0.0483475937 -0.0411526411 
9.96807 0.00200 -0.0484826556 -0.0412887240 
9.96854 0.00200 -0.0486175619 -0.0414246503 
9.96900 0.00200 -0.0487523409 -0.0415604483 
9.96947 0.00200 -0.0488869640 -0.0416960892 
9.96994 0.00200 -0.0490214312 -0.0418315731 
9.97040 0.00200 -0.0491557705 -0.0419669281 
9.97087 0.00200 -0.0492899536 -0.0421021256 
9.97133 0.00200 -0.0494240086 -0.0422371941 
9.97179 0.00200 -0.0495579353 -0.0423721334 
9.97226 0.00200 -0.0496917053 -0.0425069148 
9.97272 0.00200 -0.0498253185 -0.0426415381 
9.97322 0.00200 -0.0499697466 -0.0427870582 
9.97368 0.00200 -0.0501030489 -0.0429213684 
9.97414 0.00200 -0.0502362791 -0.0430556058 
9.97460 0.00200 -0.0503693233 -0.0431896559 
9.97506 0.00200 -0.0505022100 -0.0433235472 
9.97552 0.00200 -0.0506349388 -0.0434572796 
9.97598 0.00200 -0.0507675665 -0.0435909100 
9.97644 0.00200 -0.0509000646 -0.0437244098 
9.97690 0.00200 -0.0510324044 -0.0438577502 
9.97736 0.00200 -0.0511645859 -0.0439909310 
9.97782 0.00200 -0.0512966657 -0.0441240094 
9.97827 0.00200 -0.0514285869 -0.0442569280 
9.97873 0.00200 -0.0515603492 -0.0443896865 
9.97919 0.00200 -0.0516919811 -0.0445223136 
9.97964 0.00200 -0.0518235108 -0.0446548377 
9.98010 0.00200 -0.0519548813 -0.0447872014 
9.98055 0.00200 -0.0520861208 -0.0449194333 
9.98101 0.00200 -0.0522172009 -0.0450515043 
9.98146 0.00200 -0.0523481498 -0.0451834432 
9.98191 0.00200 -0.0524789673 -0.0453152498 
9.98237 0.00200 -0.0526096534 -0.0454469240 
9.98282 0.00200 -0.0527402080 -0.0455784656 
9.98327 0.00200 -0.0528706308 -0.0457098745 
9.98372 0.00200 -0.0530008932 -0.0458411218 
9.98417 0.00200 -0.0531310523 -0.0459722649 
9.98462 0.00200 -0.0532610507 -0.0461032461 
9.98507 0.00200 -0.0533909454 -0.0462341229 
9.98552 0.00200 -0.0535206505 -0.0463648086 
9.98597 0.00200 -0.0536502517 -0.0464953897 
9.98642 0.00200 -0.0537797203 -0.0466258371 
9.98687 0.00200 -0.0539090561 -0.0467561508 
9.98731 0.00200 -0.0540382590 -0.0468863305 
9.98776 0.00200 -0.0541673289 -0.0470163762 
9.98821 0.00200 -0.0542962656 -0.0471462878 
9.98865 0.00200 -0.0544250690 -0.0472760650 
9.98910 0.00200 -0.0545537390 -0.0474057078 
9.98955 0.00200 -0.0546823041 -0.0475352449 
9.98999 0.00200 -0.0548107068 -0.0476646184 
9.99044 0.00200 -0.0549389757 -0.0477938571 
9.99088 0.00200 -0.0550671107 -0.0479229608 
9.99136 0.00200 -0.0552056437 -0.0480625412 
9.99180 0.00200 -0.0553335135 -0.0481913778 
9.99224 0.00200 -0.0554612202 -0.0483200500 
9.99269 0.00200 -0.0555888499 -0.0484486447 
9.99313 0.00200 -0.0557163163 -0.0485770747 
9.99357 0.00200 -0.0558437054 -0.0487054269 
9.99401 0.00200 -0.0559709021 -0.0488335853 
9.99445 0.00200 -0.0560979927 -0.0489616368 
9.99489 0.00200 -0.0562249768 -0.0490895810 
9.99533 0.00200 -0.0563517970 -0.0492173600 
9.99577 0.00200 -0.0564785106 -0.0493450316 
9.99621 0.00200 -0.0566051175 -0.0494725957 
9.99665 0.00200 -0.0567315599 -0.0495999941 
9.99708 0.00200 -0.0568578955 -0.0497272848 
9.99752 0.00200 -0.0569840952 -0.0498544386 
9.99796 0.00200 -0.0571101589 -0.0499814555 
9.99839 0.00200 -0.0572361153 -0.0501083642 
9.99883 0.00200 -0.0573619066 -0.0502351065 
9.99926 0.00200 -0.0574875615 -0.0503617114 
9.99970 0.00200 -0.0576130799 -0.0504881788 
10.00013 0.00200 -0.0577384617 -0.0506145086 
10.00057 0.00200 -0.0578637357 -0.0507407296 
10.00100 0.00200 -0.0579888438 -0.0508667836 
10.00144 0.00200 -0.0581138437 -0.0509927286 
10.00187 0.00200 -0.0582387066 -0.0511185355 
10.00230 0.00200 -0.0583634899 -0.0512442623 
10.00273 0.00200 -0.0584881070 -0.0513698215 
10.00316 0.00200 -0.0586126155 -0.0514952714 
10.00360 0.00200 -0.0587370153 -0.0516206117 
10.00403 0.00200 -0.0588612774 -0.0517458133 
10.00446 0.00200 -0.0589854016 -0.0518708759 
10.00489 0.00200 -0.0591094167 -0.0519958287 
10.00532 0.00200 -0.0592332937 -0.0521206422 
10.00574 0.00200 -0.0593570905 -0.0522453749 
10.00617 0.00200 -0.0594807199 -0.0523699390 
10.00660 0.00200 -0.0596042398 -0.0524943928 
10.00703 0.00200 -0.0597276501 -0.0526187362 
10.00746 0.00200 -0.0598509507 -0.0527429690 
10.00788 0.00200 -0.0599741125 -0.0528670620 
10.00831 0.00200 -0.0600971354 -0.0529910149 
10.00877 0.00200 -0.0602301521 -0.0531250374 
10.00920 0.00200 -0.0603529286 -0.0532487421 
10.00962 0.00200 -0.0604755948 -0.0533723357 
10.01005 0.00200 -0.0605981506 -0.0534958181 
10.01047 0.00200 -0.0607205669 -0.0536191599 
10.01089 0.00200 -0.0608428725 -0.0537423902 
10.01132 0.00200 -0.0609650966 -0.0538655384 
10.01174 0.00200 -0.0610871516 -0.0539885162 
10.01216 0.00200 -0.0612090958 -0.0541113823 
10.01259 0.00200 -0.0613309289 -0.0542341365 
10.01301 0.00200 -0.0614526509 -0.0543567788 
10.01343 0.00200 -0.0615742616 -0.0544793089 
10.01385 0.00200 -0.0616957609 -0.0546017268 
10.01427 0.00200 -0.0618170905 -0.0547239738 
10.01469 0.00200 -0.0619383377 -0.0548461377 
10.01511 0.00200 -0.0620594732 -0.0549681890 
10.01553 0.00200 -0.0621804970 -0.0550901278 
10.01595 0.00200 -0.0623013796 -0.0552119243 
10.01637 0.00200 -0.0624221503 -0.0553336081 
10.01679 0.00200 -0.0625428089 -0.0554551789 
10.01720 0.00200 -0.0626633552 -0.0555766366 
10.01762 0.00200 -0.0627837893 -0.0556979812 
10.01804 0.00200 -0.0629041109 -0.0558192125 
10.01846 0.00200 -0.0630243200 -0.0559403305 
10.01887 0.00200 -0.0631443872 -0.0560613055 
10.01929 0.00200 -0.0632643418 -0.0561821669 
10.01970 0.00200 -0.0633841834 -0.0563029146 
10.02012 0.00200 -0.0635039413 -0.0564235780 
10.02053 0.00200 -0.0636225035 -0.0565430365 
10.02095 0.00200 -0.0637376441 -0.0566590477 
10.02136 0.00200 -0.0638526985 -0.0567749719 
10.02177 0.00200 -0.0639676077 -0.0568907499 
10.02219 0.00200 -0.0640824012 -0.0570064113 
10.02260 0.00200 -0.0641970787 -0.0571219558 
10.02301 0.00200 -0.0643116988 -0.0572374425 
10.02342 0.00200 -0.0644261735 -0.0573527827 
10.02384 0.00200 -0.0645405320 -0.0574680057 
10.02425 0.00200 -0.0646548034 -0.0575831412 
10.02466 0.00200 -0.0647689585 -0.0576981593 
10.02507 0.00200 -0.0648861081 -0.0578161946 
10.02551 0.00200 -0.0650129486 -0.0579439940 
10.02592 0.00200 -0.0651300764 -0.0580620075 
10.02633 0.00200 -0.0652471480 -0.0581799642 
10.02674 0.00200 -0.0653640458 -0.0582977457 
10.02715 0.00200 -0.0654808577 -0.0584154408 
10.02755 0.00200 -0.0655975542 -0.0585330196 
10.02796 0.00200 -0.0657141353 -0.0586504821 
10.02837 0.00200 -0.0658306303 -0.0587678579 
10.02878 0.00200 -0.0659470097 -0.0588851172 
10.02918 0.00200 -0.0660632734 -0.0590022598 
10.02959 0.00200 -0.0661794212 -0.0591192858 
10.02999 0.00200 -0.0662954826 -0.0592362246 
10.03040 0.00200 -0.0664113985 -0.0593530169 
10.03080 0.00200 -0.0665272277 -0.0594697219 
10.03121 0.00200 -0.0666429407 -0.0595863097 
10.03161 0.00200 -0.0667585669 -0.0597028101 
10.03202 0.00200 -0.0668740472 -0.0598191635 
10.03242 0.00200 -0.0669894699 -0.0599354589 
10.03282 0.00200 -0.0671047761 -0.0600516368 
10.03323 0.00200 -0.0672199360 -0.0601676674 
10.03363 0.00200 -0.0673350382 -0.0602836398 
10.03403 0.00200 -0.0674499940 -0.0603994647 
10.03443 0.00200 -0.0675648623 -0.0605152015 
10.03483 0.00200 -0.0676796135 -0.0606308203 
10.03523 0.00200 -0.0677942476 -0.0607463210 
10.03563 0.00200 -0.0679088234 -0.0608617631 
10.03603 0.00200 -0.0680232524 -0.0609770572 
10.03643 0.00200 -0.0681375934 -0.0610922627 
10.03683 0.00200 -0.0682518169 -0.0612073498 
10.03723 0.00200 -0.0683659523 -0.0613223481 
10.03763 0.00200 -0.0684799699 -0.0614372278 
10.03803 0.00200 -0.0685938697 -0.0615519887 
10.03843 0.00200 -0.0687076812 -0.0616666606 
10.03882 0.00200 -0.0688214338 -0.0617812733 
10.03922 0.00200 -0.0689350388 -0.0618957372 
10.03962 0.00200 -0.0690484958 -0.0620100520 
10.04002 0.00200 -0.0691619235 -0.0621243372 
10.04041 0.00200 -0.0692751735 -0.0622384434 
10.04081 0.00200 -0.0693884235 -0.0623525497 
10.04120 0.00200 -0.0695014660 -0.0624664468 
10.04163 0.00200 -0.0696237371 -0.0625896424 
10.04202 0.00200 -0.0697366039 -0.0627033625 
10.04242 0.00200 -0.0698493815 -0.0628169928 
10.04281 0.00200 -0.0699620698 -0.0629305330 
10.04321 0.00200 -0.0700746093 -0.0630439234 
10.04360 0.00200 -0.0701870891 -0.0631572536 
10.04399 0.00200 -0.0702994496 -0.0632704636 
10.04438 0.00200 -0.0704116909 -0.0633835534 
10.04478 0.00200 -0.0705238721 -0.0634965828 
10.04517 0.00200 -0.0706359040 -0.0636094618 
10.04556 0.00200 -0.0707478759 -0.0637222802 
10.04595 0.00200 -0.0708597577 -0.0638350079 
10.04634 0.00200 -0.0709714901 -0.0639475850 
10.04673 0.00200 -0.0710831918 -0.0640601313 
10.04712 0.00200 -0.0711947140 -0.0641724967 
10.04751 0.00200 -0.0713061758 -0.0642848011 
10.04790 0.00200 -0.0714175471 -0.0643970144 
10.04829 0.00200 -0.0715287982 -0.0645091067 
10.04868 0.00200 -0.0716399290 -0.0646210776 
10.04907 0.00200 -0.0717510288 -0.0647330174 
10.04945 0.00200 -0.0718619484 -0.0648447756 
10.04984 0.00200 -0.0719728070 -0.0649564724 
10.05023 0.00200 -0.0720835748 -0.0650680777 
10.05062 0.00200 -0.0721942218 -0.0651795612 
10.05100 0.00200 -0.0723048077 -0.0652909831 
10.05139 0.00200 -0.0724154816 -0.0654024938 
10.05177 0.00200 -0.0725310836 -0.0655189698 
10.05216 0.00200 -0.0726466268 -0.0656353866 
10.05254 0.00200 -0.0727620516 -0.0657516841 
10.05293 0.00200 -0.0728773578 -0.0658678620 
10.05331 0.00200 -0.0729925453 -0.0659839204 
10.05370 0.00200 -0.0731076739 -0.0660999194 
10.05408 0.00200 -0.0732226836 -0.0662157987 
10.05447 0.00200 -0.0733375744 -0.0663315581 
10.05485 0.00200 -0.0729853961 -0.0664472578 
10.05523 0.00200 -0.0731001364 -0.0665628074 
10.05561 0.00200 -0.0732117004 -0.0666751582 
10.05600 0.00200 -0.0733221841 -0.0667864212 
10.05638 0.00200 -0.0734326062 -0.0668976220 
10.05676 0.00200 -0.0735429066 -0.0670087004 
10.05717 0.00200 -0.0736621454 -0.0671287802 
10.05755 0.00200 -0.0737722645 -0.0672396759 
10.05793 0.00200 -0.0738822916 -0.0673504790 
10.05831 0.00200 -0.0739921966 -0.0674611592 
10.05869 0.00200 -0.0741020096 -0.0675717467 
10.05907 0.00200 -0.0742117304 -0.0676822413 
10.05945 0.00200 -0.0743213588 -0.0677926430 
10.05983 0.00200 -0.0744308649 -0.0679029214 
10.06021 0.00200 -0.0745403387 -0.0680131673 
10.06059 0.00200 -0.0746496899 -0.0681232898 
10.06096 0.00200 -0.0747589185 -0.0682332887 
10.06134 0.00200 -0.0748680845 -0.0683432247 
10.06172 0.00200 -0.0749771277 -0.0684530369 
10.06210 0.00200 -0.0750860780 -0.0685627556 
10.06247 0.00200 -0.0751949656 -0.0686724112 
10.06285 0.00200 -0.0753037300 -0.0687819427 
10.06322 0.00200 -0.0754124015 -0.0688913806 
10.06360 0.00200 -0.0755210099 -0.0690007550 
10.06397 0.00200 -0.0756294949 -0.0691100052 
10.06435 0.00200 -0.0757378566 -0.0692191311 
10.06472 0.00200 -0.0758461852 -0.0693282237 
10.06510 0.00200 -0.0759543902 -0.0694371919 
10.06547 0.00200 -0.0760625016 -0.0695460659 
10.06584 0.00200 -0.0761705496 -0.0696548759 
10.06622 0.00200 -0.0762784739 -0.0697635614 
10.06659 0.00200 -0.0763863043 -0.0698721523 
10.06696 0.00200 -0.0764940711 -0.0699806792 
10.06734 0.00200 -0.0766017139 -0.0700890811 
10.06771 0.00200 -0.0767092626 -0.0701973884 
10.06808 0.00200 -0.0768167475 -0.0703056314 
10.06845 0.00200 -0.0769241081 -0.0704137492 
10.06882 0.00200 -0.0770314047 -0.0705218025 
10.06919 0.00200 -0.0771385768 -0.0706297305 
10.06956 0.00200 -0.0772456847 -0.0707375938 
10.06993 0.00200 -0.0773527285 -0.0708453926 
10.07030 0.00200 -0.0774596173 -0.0709530352 
10.07067 0.00200 -0.0775664720 -0.0710606436 
10.07104 0.00200 -0.0776732017 -0.0711681261 
10.07141 0.00200 -0.0777798671 -0.0712755437 
10.07178 0.00200 -0.0778864073 -0.0713828354 
10.07218 0.00200 -0.0780016410 -0.0714988818 
10.07254 0.00200 -0.0781079935 -0.0716059844 
10.07291 0.00200 -0.0782142814 -0.0717130219 
10.07328 0.00200 -0.0783204741 -0.0718199636 
10.07365 0.00200 -0.0784265716 -0.0719268094 
10.07401 0.00200 -0.0785325739 -0.0720335593 
10.07438 0.00200 -0.0786384809 -0.0721402132 
10.07474 0.00200 -0.0787443227 -0.0722468016 
10.07511 0.00200 -0.0788500692 -0.0723532938 
10.07548 0.00200 -0.0789557201 -0.0724596899 
10.07584 0.00200 -0.0790612753 -0.0725659896 
10.07621 0.00200 -0.0791667348 -0.0726721929 
10.07657 0.00200 -0.0792721593 -0.0727783610 
10.07693 0.00200 -0.0793774576 -0.0728844019 
10.07730 0.00200 -0.0794826600 -0.0729903463 
10.07766 0.00200 -0.0795877969 -0.0730962247 
10.07802 0.00200 -0.0796928072 -0.0732019756 
10.07839 0.00200 -0.0797977822 -0.0733076910 
10.07875 0.00200 -0.0799026306 -0.0734132789 
10.07911 0.00200 -0.0800073828 -0.0735187698 
10.07947 0.00200 -0.0801120994 -0.0736242251 
10.07984 0.00200 -0.0802166892 -0.0737295525 
10.08020 0.00200 -0.0803211825 -0.0738347828 
10.08056 0.00200 -0.0804256402 -0.0739399772 
10.08092 0.00200 -0.0805299707 -0.0740450436 
10.08128 0.00200 -0.0806342046 -0.0741500126 
10.08164 0.00200 -0.0807383721 -0.0742549148 
10.08200 0.00200 -0.0808424734 -0.0743597502 
10.08236 0.00200 -0.0809465081 -0.0744645188 
10.08272 0.00200 -0.0810526129 -0.0745713719 
10.08308 0.00200 -0.0811600869 -0.0746796039 
10.08344 0.00200 -0.0812675267 -0.0747878015 
10.08379 0.00200 -0.0813748406 -0.0748958722 
10.08415 0.00200 -0.0814820894 -0.0750038775 
10.08451 0.00200 -0.0815892428 -0.0751117866 
10.08487 0.00200 -0.0816963005 -0.0752195994 
10.08523 0.00200 -0.0818032931 -0.0753273465 
10.08558 0.00200 -0.0819101593 -0.0754349665 
10.08594 0.00200 -0.0820165932 -0.0755421510 
10.08629 0.00200 -0.0821181886 -0.0756444630 
10.08668 0.00200 -0.0822279790 -0.0757550278 
10.08704 0.00200 -0.0823293794 -0.0758571433 
10.08739 0.00200 -0.0824307119 -0.0759591904 
10.08775 0.00200 -0.0825319455 -0.0760611381 
10.08810 0.00200 -0.0826330805 -0.0761629864 
10.08846 0.00200 -0.0827341473 -0.0762647659 
10.08881 0.00200 -0.0828351458 -0.0763664768 
10.08916 0.00200 -0.0829360453 -0.0764680880 
10.08952 0.00200 -0.0830368765 -0.0765696303 
10.08987 0.00200 -0.0831376086 -0.0766710728 
10.09022 0.00200 -0.0832383029 -0.0767724773 
10.09058 0.00200 -0.0833388672 -0.0768737509 
10.09093 0.00200 -0.0834393630 -0.0769749555 
10.09128 0.00200 -0.0835397594 -0.0770760600 
10.09163 0.00200 -0.0836400871 -0.0771770953 
10.09199 0.00200 -0.0837403767 -0.0772780922 
10.09234 0.00200 -0.0838405360 -0.0773789580 
10.09269 0.00200 -0.0839406265 -0.0774797543 
10.09304 0.00200 -0.0840406172 -0.0775804503 
10.09339 0.00200 -0.0841405389 -0.0776810767 
10.09374 0.00200 -0.0842404223 -0.0777816646 
10.09409 0.00200 -0.0843401751 -0.0778821209 
10.09444 0.00200 -0.0844398586 -0.0779825074 
10.09479 0.00200 -0.0845394729 -0.0780828243 
10.09514 0.00200 -0.0846389871 -0.0781830404 
10.09549 0.00200 -0.0847384319 -0.0782831866 
10.09584 0.00200 -0.0848378073 -0.0783832629 
10.09618 0.00200 -0.0849370824 -0.0784832382 
10.09653 0.00200 -0.0850362880 -0.0785831434 
10.09688 0.00200 -0.0851354240 -0.0786829786 
10.09723 0.00200 -0.0852344594 -0.0787827126 
10.09757 0.00200 -0.0853334252 -0.0788823763 
10.09792 0.00200 -0.0854323520 -0.0789820008 
10.09827 0.00200 -0.0855279401 -0.0790782632 
10.09861 0.00200 -0.0856197247 -0.0791706951 
10.09896 0.00200 -0.0857114054 -0.0792630224 
10.09931 0.00200 -0.0858030130 -0.0793552761 
10.09965 0.00200 -0.0858945474 -0.0794474561 
10.10000 0.00200 -0.0859860396 -0.0795395935 
10.10037 0.00200 -0.0860849310 -0.0796391824 
10.10072 0.00200 -0.0861762782 -0.0797311739 
10.10106 0.00200 -0.0862674904 -0.0798230293 
10.10140 0.00200 -0.0863586909 -0.0799148731 
10.10175 0.00200 -0.0864497871 -0.0800066118 
10.10209 0.00200 -0.0865470539 -0.0801045646 
10.10243 0.00200 -0.0866462596 -0.0802044700 
10.10278 0.00200 -0.0867454261 -0.0803043359 
10.10312 0.00200 -0.0868445228 -0.0804041315 
10.10346 0.00200 -0.0869434875 -0.0805037942 
10.10381 0.00200 -0.0870424130 -0.0806034174 
10.10415 0.00200 -0.0871412374 -0.0807029389 
10.10449 0.00200 -0.0872400226 -0.0808024207 
10.10483 0.00200 -0.0873387065 -0.0809018006 
10.10517 0.00200 -0.0874372891 -0.0810010785 
10.10551 0.00200 -0.0875358012 -0.0811002854 
10.10585 0.00200 -0.0876342430 -0.0811994215 
10.10619 0.00200 -0.0877326452 -0.0812985177 
10.10653 0.00200 -0.0878309458 -0.0813975117 
10.10687 0.00200 -0.0879291448 -0.0814964033 
10.10721 0.00200 -0.0880272732 -0.0815952237 
10.10755 0.00200 -0.0881253618 -0.0816940041 
10.10789 0.00200 -0.0882233175 -0.0817926508 
10.10823 0.00200 -0.0883212645 -0.0818912886 
10.10857 0.00200 -0.0884190785 -0.0819897924 
10.10891 0.00200 -0.0885168527 -0.0820882562 
10.10924 0.00200 -0.0886145247 -0.0821866171 
10.10958 0.00200 -0.0887121257 -0.0822849064 
10.10992 0.00200 -0.0888096554 -0.0823831241 
10.11026 0.00200 -0.0889071141 -0.0824812701 
10.11059 0.00200 -0.0890044705 -0.0825793131 
10.11093 0.00200 -0.0891017866 -0.0826773155 
10.11127 0.00200 -0.0891990313 -0.0827752462 
10.11160 0.00200 -0.0892961736 -0.0828730736 
10.11194 0.00200 -0.0893932755 -0.0829708604 
10.11228 0.00200 -0.0894902749 -0.0830685438 
10.11261 0.00200 -0.0895872026 -0.0831661552 
10.11295 0.00200 -0.0896840276 -0.0832636630 
10.11328 0.00200 -0.0897808120 -0.0833611301 
10.11362 0.00200 -0.0898775559 -0.0834585563 
10.11398 0.00200 -0.0899820798 -0.0835638174 
10.11431 0.00200 -0.0900786507 -0.0836610694 
10.11464 0.00200 -0.0901750873 -0.0837581862 
10.11498 0.00200 -0.0902715144 -0.0838552933 
10.11531 0.00200 -0.0903678382 -0.0839522965 
10.11564 0.00200 -0.0904640589 -0.0840491958 
10.11598 0.00200 -0.0905602697 -0.0841460852 
10.11631 0.00200 -0.0906563772 -0.0842428706 
10.11664 0.00200 -0.0907523813 -0.0843395517 
10.11697 0.00200 -0.0908483443 -0.0844361916 
10.11731 0.00200 -0.0909442662 -0.0845327900 
10.11764 0.00200 -0.0910400533 -0.0846292527 
10.11797 0.00200 -0.0911357992 -0.0847256738 
10.11830 0.00200 -0.0912314725 -0.0848220220 
10.11863 0.00200 -0.0913270734 -0.0849182971 
10.11896 0.00200 -0.0914225704 -0.0850144676 
10.11929 0.00200 -0.0915180260 -0.0851105965 
10.11962 0.00200 -0.0916133777 -0.0852066206 
10.11995 0.00200 -0.0917087191 -0.0853026345 
10.12028 0.00200 -0.0918039252 -0.0853985121 
10.12061 0.00200 -0.0918990897 -0.0854943478 
10.12094 0.00200 -0.0919941813 -0.0855901100 
10.12127 0.00200 -0.0920891686 -0.0856857673 
10.12160 0.00200 -0.0921841455 -0.0857814141 
10.12192 0.00200 -0.0922790181 -0.0858769557 
10.12225 0.00200 -0.0923737862 -0.0859723922 
10.12258 0.00200 -0.0924685438 -0.0860678181 
10.12291 0.00200 -0.0925631968 -0.0861631388 
10.12323 0.00200 -0.0926577766 -0.0862583856 
10.12356 0.00200 -0.0927522830 -0.0863535586 
10.12389 0.00200 -0.0928467474 -0.0864486892 
10.12422 0.00200 -0.0929411070 -0.0865437143 
10.12454 0.00200 -0.0930353932 -0.0866386655 
10.12487 0.00200 -0.0931296371 -0.0867335741 
10.12519 0.00200 -0.0932237761 -0.0868283771 
10.12552 0.00200 -0.0933179043 -0.0869231691 
10.12584 0.00200 -0.0934118959 -0.0870178237 
10.12617 0.00200 -0.0935058453 -0.0871124356 
10.12649 0.00200 -0.0935997208 -0.0872069733 
10.12682 0.00200 -0.0936935225 -0.0873014365 
10.12717 0.00200 -0.0937949833 -0.0874036129 
10.12749 0.00200 -0.0938886388 -0.0874979290 
10.12782 0.00200 -0.0939822203 -0.0875921705 
10.12814 0.00200 -0.0940757278 -0.0876863375 
10.12846 0.00200 -0.0941691926 -0.0877804615 
10.12879 0.00200 -0.0942625833 -0.0878745108 
10.12911 0.00200 -0.0943558998 -0.0879684855 
10.12943 0.00200 -0.0944491420 -0.0880623853 
10.12976 0.00200 -0.0945423099 -0.0881562104 
10.13008 0.00200 -0.0946354350 -0.0882499922 
10.13040 0.00200 -0.0947284541 -0.0883436674 
10.13072 0.00200 -0.0948214303 -0.0884372994 
10.13104 0.00200 -0.0949143005 -0.0885308246 
10.13136 0.00200 -0.0950071592 -0.0886243382 
10.13168 0.00200 -0.0950999118 -0.0887177449 
10.13201 0.00200 -0.0951926212 -0.0888111082 
10.13233 0.00200 -0.0952852243 -0.0889043644 
10.13265 0.00200 -0.0953778159 -0.0889976090 
10.13297 0.00200 -0.0954703010 -0.0890907465 
10.13329 0.00200 -0.0955627114 -0.0891838086 
10.13361 0.00200 -0.0956550468 -0.0892767952 
10.13392 0.00200 -0.0957473388 -0.0893697382 
10.13424 0.00200 -0.0958395558 -0.0894626056 
10.13456 0.00200 -0.0959317294 -0.0895554293 
10.13488 0.00200 -0.0960237963 -0.0896481455 
10.13520 0.00200 -0.0961158196 -0.0897408179 
10.13552 0.00200 -0.0962077678 -0.0898334145 
10.13584 0.00200 -0.0962996407 -0.0899259354 
10.13615 0.00200 -0.0963914383 -0.0900183804 
10.13647 0.00200 -0.0964831605 -0.0901107496 
10.13679 0.00200 -0.0965748390 -0.0902030747 
10.13711 0.00200 -0.0966664737 -0.0902953556 
10.13742 0.00200 -0.0967580012 -0.0903875287 
10.13774 0.00200 -0.0968495166 -0.0904796895 
10.13805 0.00200 -0.0969408930 -0.0905717104 
10.13837 0.00200 -0.0970322572 -0.0906637189 
10.13869 0.00200 -0.0971235456 -0.0907556512 
10.13900 0.00200 -0.0972147266 -0.0908474753 
10.13932 0.00200 -0.0973058952 -0.0909392869 
10.13963 0.00200 -0.0973969563 -0.0910309903 
10.13997 0.00200 -0.0974954558 -0.0911301845 
10.14029 0.00200 -0.0975863667 -0.0912217365 
10.14060 0.00200 -0.0976772333 -0.0913132440 
10.14092 0.00200 -0.0977680556 -0.0914047068 
10.14123 0.00200 -0.0978588018 -0.0914960931 
10.14154 0.00200 -0.0979494719 -0.0915874027 
10.14186 0.00200 -0.0980400658 -0.0916786356 
10.14217 0.00200 -0.0981306470 -0.0917698556 
10.14248 0.00200 -0.0982211203 -0.0918609670 
10.14280 0.00200 -0.0983115489 -0.0919520334 
10.14311 0.00200 -0.0984018694 -0.0920429909 
10.14342 0.00200 -0.0984921771 -0.0921339355 
10.14373 0.00200 -0.0985823766 -0.0922247712 
10.14405 0.00200 -0.0986725631 -0.0923155938 
10.14436 0.00200 -0.0987626731 -0.0924063393 
10.14467 0.00200 -0.0988526747 -0.0924969757 
10.14498 0.00200 -0.0989426314 -0.0925875669 
10.14529 0.00200 -0.0990325433 -0.0926781129 
10.14560 0.00200 -0.0991223785 -0.0927685817 
10.14591 0.00200 -0.0992121687 -0.0928590052 
10.14622 0.00200 -0.0992997489 -0.0929472030 
10.14653 0.00200 -0.0993818695 -0.0930299028 
10.14684 0.00200 -0.0994639102 -0.0931125221 
10.14715 0.00200 -0.0995459027 -0.0931950929 
10.14746 0.00200 -0.0996278472 -0.0932776153 
10.14777 0.00200 -0.0997097115 -0.0933600571 
10.14808 0.00200 -0.0997915277 -0.0934424503 
10.14839 0.00200 -0.0998732957 -0.0935247950 
10.14870 0.00200 -0.0999550154 -0.0936070911 
10.14901 0.00200 -0.1000366548 -0.0936893063 
10.14932 0.00200 -0.1001182141 -0.0937714408 
10.14962 0.00200 -0.1001997250 -0.0938535266 
10.14993 0.00200 -0.1002863571 -0.0939407697 
10.15024 0.00200 -0.1003753687 -0.0940304091 
10.15055 0.00200 -0.1004643028 -0.0941199704 
10.15085 0.00200 -0.1005531914 -0.0942094859 
10.15116 0.00200 -0.1006420344 -0.0942989556 
10.15147 0.00200 -0.1007307680 -0.0943883150 
10.15177 0.00200 -0.1008194559 -0.0944776284 
