7.00000 0.00100 1.0534692405 1.3061151751 
7.30103 0.00100 0.9488090148 1.0743712570 
7.47712 0.00100 0.8743012920 0.9709249251 
7.60206 0.00100 0.8225994628 0.8946314748 
7.69897 0.00100 0.7811699238 0.8419858654 
7.77815 0.00100 0.7484997273 0.8007475296 
7.84510 0.00100 0.7191023361 0.7668306272 
7.90309 0.00100 0.6935439449 0.7387747025 
7.95424 0.00100 0.6717599986 0.7137683267 
8.00000 0.00100 0.6523112696 0.6920954037 
8.04139 0.00100 0.6350831014 0.6727385464 
8.07918 0.00100 0.6188127250 0.6552463618 
8.11394 0.00100 0.6041505159 0.6394155835 
8.14613 0.00100 0.5906807469 0.6248190153 
8.17609 0.00100 0.5781934231 0.6112403743 
8.20412 0.00100 0.5658292962 0.5986173458 
8.23045 0.00100 0.5551836713 0.5869383149 
8.25527 0.00100 0.5444759896 0.5760119976 
8.27875 0.00100 0.5344934473 0.5658256260 
8.30103 0.00100 0.5258024993 0.5561628552 
8.32222 0.00100 0.5168533407 0.5470356266 
8.34242 0.00100 0.5083205637 0.5383330647 
8.36173 0.00100 0.5001988502 0.5300497457 
8.38021 0.00100 0.4925563964 0.5222552226 
8.39794 0.00100 0.4852259708 0.5147789366 
8.41497 0.00100 0.4781831140 0.5075959413 
8.43136 0.00100 0.4722076019 0.5007358471 
8.44716 0.00100 0.4657576252 0.4941608836 
8.46240 0.00100 0.4595340143 0.4878166724 
8.47712 0.00100 0.4535213945 0.4816875408 
8.49136 0.00100 0.4469899147 0.4757820610 
8.50515 0.00100 0.4414543665 0.4701363667 
8.51851 0.00100 0.4360891683 0.4646644120 
8.53148 0.00100 0.4308841571 0.4593558317 
8.54407 0.00100 0.4258300175 0.4542011250 
8.55630 0.00100 0.4209182901 0.4491916642 
8.56820 0.00100 0.4162343142 0.4444144868 
8.57978 0.00100 0.4117394756 0.4398302100 
8.59106 0.00100 0.4073613900 0.4353650095 
8.60206 0.00100 0.4030941742 0.4310128848 
8.61278 0.00100 0.3989322982 0.4267681960 
8.62325 0.00100 0.3941590751 0.4226258250 
8.63347 0.00100 0.3901951365 0.4185809484 
8.64345 0.00100 0.3863346010 0.4146415862 
8.65321 0.00100 0.3826434866 0.4108751045 
8.66276 0.00100 0.3790335339 0.4071914417 
8.67210 0.00100 0.3747990234 0.4035869498 
8.68124 0.00100 0.3713428395 0.4000583944 
8.69020 0.00100 0.3679578918 0.3966025668 
8.69897 0.00100 0.3646413198 0.3932165466 
8.70757 0.00100 0.3606951443 0.3898975950 
8.71600 0.00100 0.3575090547 0.3866431274 
8.72428 0.00100 0.3543836020 0.3834505981 
8.73239 0.00100 0.3513169308 0.3803181117 
8.74036 0.00100 0.3483650880 0.3773029182 
8.74819 0.00100 0.3454662930 0.3743419109 
8.75587 0.00100 0.3419348552 0.3714354680 
8.76343 0.00100 0.3391065078 0.3685449433 
8.77085 0.00100 0.3363215897 0.3656988026 
8.77815 0.00100 0.3335799856 0.3628969281 
8.78533 0.00100 0.3309361062 0.3601949265 
8.79239 0.00100 0.3283695700 0.3575719685 
8.79934 0.00100 0.3258440826 0.3549909617 
8.80618 0.00100 0.3233552070 0.3524473716 
8.81291 0.00100 0.3202203623 0.3499337618 
8.81954 0.00100 0.3177993220 0.3474582326 
8.82607 0.00100 0.3154146900 0.3450199311 
8.83251 0.00100 0.3130623756 0.3426146746 
8.83885 0.00100 0.3107922582 0.3402934650 
8.84510 0.00100 0.3078903595 0.3380106595 
8.85126 0.00100 0.3056905541 0.3357601933 
8.85733 0.00100 0.3035187826 0.3335384066 
8.86332 0.00100 0.3013737425 0.3313439669 
8.86923 0.00100 0.2992447033 0.3291658966 
8.87506 0.00100 0.2971443077 0.3270171295 
8.88081 0.00100 0.2950690120 0.3248940404 
8.88649 0.00100 0.2923617892 0.3228014422 
8.89209 0.00100 0.2904215639 0.3208155177 
8.89763 0.00100 0.2885412645 0.3188909308 
8.90309 0.00100 0.2866822888 0.3169881696 
8.90849 0.00100 0.2841908404 0.3151114191 
8.91381 0.00100 0.2823806874 0.3132576814 
8.91908 0.00100 0.2805691425 0.3114025184 
8.92428 0.00100 0.2786749630 0.3094627311 
8.92942 0.00100 0.2768056038 0.3075483617 
8.93450 0.00100 0.2749580304 0.3056563026 
8.93952 0.00100 0.2731318614 0.3037861634 
8.94448 0.00100 0.2706729883 0.3019350608 
8.94939 0.00100 0.2690091772 0.3002303154 
8.95424 0.00100 0.2674657178 0.2986488826 
8.95904 0.00100 0.2652904417 0.2970849195 
8.96379 0.00100 0.2637795552 0.2955360671 
8.96848 0.00100 0.2622869489 0.2940059543 
8.97313 0.00100 0.2601637166 0.2924921855 
8.97772 0.00100 0.2587034152 0.2909944212 
8.98227 0.00100 0.2571723528 0.2894240807 
8.98677 0.00100 0.2555066738 0.2877156700 
8.99123 0.00100 0.2538580871 0.2860247902 
8.99564 0.00100 0.2522262417 0.2843510811 
9.00000 0.00100 0.2506087239 0.2826920673 
9.00432 0.00100 0.2490088410 0.2810511406 
9.00860 0.00100 0.2474247214 0.2794263818 
9.01284 0.00100 0.2459261285 0.2778893437 
9.01703 0.00100 0.2444918519 0.2764182719 
9.02119 0.00100 0.2430713268 0.2749613044 
9.02531 0.00100 0.2416642513 0.2735181315 
9.02938 0.00100 0.2402703710 0.2720884924 
9.03342 0.00100 0.2388895073 0.2706722037 
9.03743 0.00100 0.2375214228 0.2692690221 
9.04139 0.00100 0.2355315912 0.2678786708 
9.04532 0.00100 0.2341250767 0.2664353329 
9.04922 0.00100 0.2326665628 0.2649386340 
9.05308 0.00100 0.2318530925 0.2634552755 
9.05690 0.00100 0.2304195523 0.2619849590 
9.06070 0.00100 0.2289985417 0.2605274936 
9.06446 0.00100 0.2275898145 0.2590826265 
9.06818 0.00100 0.2261932026 0.2576501858 
9.07188 0.00100 0.2248084782 0.2562299373 
9.07554 0.00100 0.2234736966 0.2548609130 
9.07918 0.00100 0.2222329269 0.2535883124 
9.08278 0.00100 0.2210024302 0.2523262483 
9.08636 0.00100 0.2197820802 0.2510745913 
9.08990 0.00100 0.2185716914 0.2498331509 
9.09342 0.00100 0.2173711032 0.2486017626 
9.09691 0.00100 0.2155561498 0.2473802584 
9.10037 0.00100 0.2143753037 0.2461684970 
9.10380 0.00100 0.2132037825 0.2449663045 
9.10721 0.00100 0.2120414426 0.2437735337 
9.11059 0.00100 0.2108917453 0.2425937366 
9.11394 0.00100 0.2097568282 0.2414291065 
9.11727 0.00100 0.2086305809 0.2402733734 
9.12057 0.00100 0.2075128774 0.2391264076 
9.12385 0.00100 0.2064036477 0.2379881374 
9.12710 0.00100 0.2053027030 0.2368583692 
9.13033 0.00100 0.2042099399 0.2357369968 
9.13353 0.00100 0.2025076321 0.2346239119 
9.13671 0.00100 0.2014314372 0.2335189743 
9.13987 0.00100 0.2003630681 0.2324220715 
9.14301 0.00100 0.1993024434 0.2313331198 
9.14613 0.00100 0.1982071011 0.2302085234 
9.14922 0.00100 0.1975602902 0.2289132547 
9.15229 0.00100 0.1963069866 0.2276271388 
9.15534 0.00100 0.1950624834 0.2263500536 
9.15836 0.00100 0.1938266590 0.2250818744 
9.16137 0.00100 0.1932116066 0.2238224739 
9.16435 0.00100 0.1919921094 0.2225716914 
9.16732 0.00100 0.1907809763 0.2213294878 
9.17026 0.00100 0.1895780159 0.2200956663 
9.17318 0.00100 0.1889929256 0.2188701838 
9.17609 0.00100 0.1878054814 0.2176529012 
9.17897 0.00100 0.1864704112 0.2137944483 
9.18184 0.00100 0.1854873357 0.2096933048 
9.18469 0.00100 0.1845100296 0.2056189150 
9.18752 0.00100 0.1838872205 0.2037591830 
9.19033 0.00100 0.1827532352 0.2026061634 
9.19312 0.00100 0.1816234035 0.2014573671 
9.19590 0.00100 0.1804989543 0.2003140436 
9.19865 0.00100 0.1799815330 0.1991779789 
9.20139 0.00100 0.1788706673 0.1980490411 
9.20412 0.00100 0.1777668444 0.1969272608 
9.20682 0.00100 0.1766698346 0.1958124043 
9.20951 0.00100 0.1761773161 0.1947044994 
9.21218 0.00100 0.1750932674 0.1936033748 
9.21484 0.00100 0.1740158209 0.1925089563 
9.21748 0.00100 0.1729449679 0.1914212352 
9.22010 0.00100 0.1725496907 0.1904148459 
9.22271 0.00100 0.1715628283 0.1894129476 
9.22530 0.00100 0.1705818132 0.1884169856 
9.22788 0.00100 0.1696052999 0.1874255939 
9.23044 0.00100 0.1686134726 0.1864186550 
9.23299 0.00100 0.1682204980 0.1854176525 
9.23552 0.00100 0.1672645715 0.1844476540 
9.23804 0.00100 0.1663147313 0.1834838314 
9.24054 0.00100 0.1653703862 0.1825255848 
9.24303 0.00100 0.1644314764 0.1815728535 
9.24551 0.00100 0.1634979079 0.1806255420 
9.24797 0.00100 0.1625696187 0.1796835877 
9.25041 0.00100 0.1622362148 0.1787469271 
9.25285 0.00100 0.1613249482 0.1778227151 
9.25527 0.00100 0.1604871748 0.1769730403 
9.25768 0.00100 0.1596561982 0.1761302588 
9.26007 0.00100 0.1588297769 0.1752920974 
9.26245 0.00100 0.1580079063 0.1744585514 
9.26482 0.00100 0.1571905131 0.1736295462 
9.26717 0.00100 0.1563775573 0.1728050416 
9.26951 0.00100 0.1555680366 0.1719840209 
9.27184 0.00100 0.1547530588 0.1711574656 
9.27416 0.00100 0.1539424585 0.1703353498 
9.27646 0.00100 0.1531361598 0.1695175969 
9.27875 0.00100 0.1523391745 0.1687092896 
9.28103 0.00100 0.1515508640 0.1679097804 
9.28330 0.00100 0.1507666931 0.1671144696 
9.28556 0.00100 0.1499865828 0.1663232770 
9.28780 0.00100 0.1492105579 0.1655362280 
9.29003 0.00100 0.1484385036 0.1647532059 
9.29225 0.00100 0.1476697090 0.1639734898 
9.29446 0.00100 0.1469037385 0.1631966379 
9.29666 0.00100 0.1461416633 0.1624237367 
9.29885 0.00100 0.1453834012 0.1616547027 
9.30103 0.00100 0.1446289748 0.1608895589 
9.30319 0.00100 0.1444586552 0.1601282209 
9.30535 0.00100 0.1437113061 0.1593706394 
9.30749 0.00100 0.1429676491 0.1586168005 
9.30963 0.00100 0.1422276701 0.1578666899 
9.31175 0.00100 0.1414913193 0.1571202573 
9.31386 0.00100 0.1407530951 0.1563719255 
9.31597 0.00100 0.1400152741 0.1556240025 
9.31806 0.00100 0.1392810427 0.1548797182 
9.32014 0.00100 0.1385503498 0.1541390209 
9.32222 0.00100 0.1378231083 0.1534018222 
9.32428 0.00100 0.1370998408 0.1526686520 
9.32633 0.00100 0.1363886685 0.1519477425 
9.32838 0.00100 0.1356807845 0.1512301665 
9.33041 0.00100 0.1349762432 0.1505159788 
9.33243 0.00100 0.1342741949 0.1498043183 
9.33445 0.00100 0.1335961389 0.1491169785 
9.33645 0.00100 0.1329211810 0.1484327793 
9.33845 0.00100 0.1322493741 0.1477517743 
9.34044 0.00100 0.1315805891 0.1470738324 
9.34242 0.00100 0.1309131646 0.1463972698 
9.34439 0.00100 0.1302504681 0.1457254999 
9.34635 0.00100 0.1295907677 0.1450567671 
9.34830 0.00100 0.1289340423 0.1443910500 
9.35025 0.00100 0.1282802337 0.1437282896 
9.35218 0.00100 0.1276293936 0.1430685384 
9.35411 0.00100 0.1269813899 0.1424116624 
9.35603 0.00100 0.1263362369 0.1417576762 
9.35793 0.00100 0.1256929526 0.1411055843 
9.35983 0.00100 0.1250501055 0.1404539355 
9.36173 0.00100 0.1244101419 0.1398052098 
9.36361 0.00100 0.1237728540 0.1391591963 
9.36549 0.00100 0.1231384035 0.1385160591 
9.36735 0.00100 0.1225066557 0.1378756616 
9.36921 0.00100 0.1218775495 0.1372379419 
9.37107 0.00100 0.1212512472 0.1366030645 
9.37291 0.00100 0.1206275010 0.1359707781 
9.37475 0.00100 0.1200111850 0.1353460237 
9.37657 0.00100 0.1194154403 0.1347421223 
9.37840 0.00100 0.1188221661 0.1341407252 
9.38021 0.00100 0.1182313740 0.1335418441 
9.38201 0.00100 0.1176430753 0.1329454906 
9.38381 0.00100 0.1170572061 0.1323515999 
9.38560 0.00100 0.1164737021 0.1317601067 
9.38739 0.00100 0.1158926118 0.1311710603 
9.38916 0.00100 0.1153139461 0.1305844717 
9.39093 0.00100 0.1147375645 0.1300001985 
9.39269 0.00100 0.1141635910 0.1294183663 
9.39445 0.00100 0.1135918844 0.1288388321 
9.39620 0.00100 0.1130224550 0.1282616063 
9.39794 0.00100 0.1118912635 0.1276867761 
9.39967 0.00100 0.1113266670 0.1271141589 
9.40140 0.00100 0.1102007848 0.1265438420 
9.40312 0.00100 0.1096410564 0.1259758740 
9.40483 0.00100 0.1085460337 0.1254360189 
9.40654 0.00100 0.1074629702 0.1249077630 
9.40824 0.00100 0.1069449140 0.1243815462 
9.40993 0.00100 0.1058666637 0.1238573771 
9.41162 0.00100 0.1053528699 0.1233352247 
9.41330 0.00100 0.1042793801 0.1228150970 
9.41497 0.00100 0.1037685318 0.1222956740 
9.41664 0.00100 0.1026997865 0.1217795793 
9.41830 0.00100 0.1021944068 0.1212654551 
9.41996 0.00100 0.1011302761 0.1207532698 
9.42160 0.00100 0.1000408166 0.1202147694 
9.42325 0.00100 0.0994985054 0.1196625127 
9.42488 0.00100 0.0989268669 0.1190803907 
9.42651 0.00100 0.0977649161 0.1184669049 
9.42813 0.00100 0.0971650326 0.1178557086 
9.42975 0.00100 0.0960084654 0.1172467732 
9.43136 0.00100 0.0954133729 0.1166401491 
9.43297 0.00100 0.0948204419 0.1160357283 
9.43457 0.00100 0.0936717254 0.1154335608 
9.43616 0.00100 0.0930834479 0.1148335777 
9.43775 0.00100 0.0924973221 0.1142357892 
9.43933 0.00100 0.0913562203 0.1136401656 
9.44091 0.00100 0.0907746858 0.1130467570 
9.44248 0.00100 0.0901952144 0.1124554536 
9.44404 0.00100 0.0890616437 0.1118663053 
9.44560 0.00100 0.0884866208 0.1112792416 
9.44716 0.00100 0.0879136493 0.1106942722 
9.44870 0.00100 0.0867912991 0.1101153842 
9.45025 0.00100 0.0862357510 0.1095479132 
9.45178 0.00100 0.0856821577 0.1089824391 
9.45332 0.00100 0.0845760016 0.1084189300 
9.45484 0.00100 0.0840265849 0.1078574352 
9.45636 0.00100 0.0834790686 0.1072978824 
9.45788 0.00100 0.0823798138 0.1067402802 
9.45939 0.00100 0.0818364008 0.1061846369 
9.46090 0.00100 0.0812949119 0.1056309610 
9.46240 0.00100 0.0802013076 0.1050780010 
9.46389 0.00100 0.0796600666 0.1045242953 
9.46538 0.00100 0.0907182340 0.1039725315 
9.46686 0.00100 0.0901749005 0.1034225955 
9.46834 0.00100 0.0896334613 0.1028745768 
9.46982 0.00100 0.0890938436 0.1023284017 
9.47129 0.00100 0.0885560957 0.1017841191 
9.47275 0.00100 0.0880428317 0.1012646180 
9.47421 0.00100 0.0880842673 0.1007492158 
9.47567 0.00100 0.0875765464 0.1002355851 
9.47712 0.00100 0.0870691598 0.0997222927 
9.47857 0.00100 0.0865647973 0.0992120596 
9.48001 0.00100 0.0860620433 0.0987034537 
9.48144 0.00100 0.0855610266 0.0981966053 
9.48287 0.00100 0.0850616313 0.0976913972 
9.48430 0.00100 0.0845638638 0.0971878359 
9.48572 0.00100 0.0840677714 0.0966859691 
9.48714 0.00100 0.0835732785 0.0961857205 
9.48855 0.00100 0.0830803504 0.0956870549 
9.48996 0.00100 0.0825890341 0.0951900198 
9.49136 0.00100 0.0820993358 0.0946946216 
9.49276 0.00100 0.0816111794 0.0942007832 
9.49415 0.00100 0.0816575032 0.0936941572 
9.49554 0.00100 0.0811519015 0.0931829292 
9.49693 0.00100 0.0806478962 0.0926733154 
9.49831 0.00100 0.0801454522 0.0921652802 
9.49969 0.00100 0.0796446586 0.0916589138 
9.50106 0.00100 0.0785995889 0.0911541388 
9.50243 0.00100 0.0781021178 0.0906508773 
9.50379 0.00100 0.0776062736 0.0901492616 
9.50515 0.00100 0.0771119791 0.0896492137 
9.50650 0.00100 0.0766349115 0.0891665932 
9.50785 0.00100 0.0761700806 0.0886963517 
9.50920 0.00100 0.0762510112 0.0882275020 
9.51054 0.00100 0.0757887865 0.0877601336 
9.51188 0.00100 0.0753279902 0.0872942096 
9.51322 0.00100 0.0748685856 0.0868296927 
9.51455 0.00100 0.0744105777 0.0863665881 
9.51587 0.00100 0.0739540134 0.0859049433 
9.51719 0.00100 0.0734988559 0.0854447208 
9.51851 0.00100 0.0730450260 0.0849858407 
9.51983 0.00100 0.0725925705 0.0845283502 
9.52114 0.00100 0.0721414943 0.0840722544 
9.52244 0.00100 0.0716917599 0.0836175154 
9.52374 0.00100 0.0712531385 0.0831740130 
9.52504 0.00100 0.0708261300 0.0827422529 
9.52634 0.00100 0.0704004335 0.0823118192 
9.52763 0.00100 0.0699759684 0.0818826307 
9.52891 0.00100 0.0695527812 0.0814547343 
9.53020 0.00100 0.0691308337 0.0810280913 
9.53148 0.00100 0.0687090241 0.0806015879 
9.53275 0.00100 0.0682895244 0.0801774200 
9.53403 0.00100 0.0678713191 0.0797545609 
9.53529 0.00100 0.0674542844 0.0793328854 
9.53656 0.00100 0.0670384668 0.0789124406 
9.53782 0.00100 0.0666238702 0.0784932305 
9.53908 0.00100 0.0662104558 0.0780752156 
9.54033 0.00100 0.0657982702 0.0776584432 
9.54158 0.00100 0.0653872316 0.0772428305 
9.54282 0.00100 0.0649616848 0.0768125482 
9.54407 0.00100 0.0645347712 0.0763808839 
9.54531 0.00100 0.0641091093 0.0759504853 
9.54654 0.00100 0.0636846603 0.0755213131 
9.54777 0.00100 0.0632613420 0.0750932841 
9.54900 0.00100 0.0628393307 0.0746665767 
9.55023 0.00100 0.0629558472 0.0742410205 
9.55145 0.00100 0.0625359478 0.0738166631 
9.55267 0.00100 0.0621172383 0.0733935083 
9.55388 0.00100 0.0617028408 0.0729747112 
9.55509 0.00100 0.0612994431 0.0725670308 
9.55630 0.00100 0.0608971850 0.0721605019 
9.55751 0.00100 0.0604959830 0.0717550405 
9.55871 0.00100 0.0600959274 0.0713507376 
9.55990 0.00100 0.0596969783 0.0709475529 
9.56110 0.00100 0.0592991392 0.0705454900 
9.56229 0.00100 0.0589023697 0.0701445081 
9.56348 0.00100 0.0585066733 0.0697446107 
9.56466 0.00100 0.0581120969 0.0693458451 
9.56585 0.00100 0.0577185566 0.0689481267 
9.56702 0.00100 0.0573261429 0.0685515468 
9.56820 0.00100 0.0569346842 0.0681559321 
9.56937 0.00100 0.0565444025 0.0677615069 
9.57054 0.00100 0.0561550822 0.0673680532 
9.57171 0.00100 0.0557668576 0.0669757070 
9.57287 0.00100 0.0553796444 0.0665843828 
9.57403 0.00100 0.0555268093 0.0661940838 
9.57519 0.00100 0.0551415212 0.0658049019 
9.57634 0.00100 0.0547572102 0.0654167070 
9.57749 0.00100 0.0543738791 0.0650295019 
9.57864 0.00100 0.0539916192 0.0646433789 
9.57978 0.00100 0.0536144121 0.0642623597 
9.58092 0.00100 0.0532565174 0.0639008480 
9.58206 0.00100 0.0528996528 0.0635403769 
9.58320 0.00100 0.0525436883 0.0631808150 
9.58433 0.00100 0.0521886706 0.0628222095 
9.58546 0.00100 0.0518345581 0.0624645182 
9.58659 0.00100 0.0514813531 0.0621077437 
9.58771 0.00100 0.0511290581 0.0617518884 
9.58883 0.00100 0.0507777201 0.0613969997 
9.58995 0.00100 0.0504272527 0.0610429905 
9.59106 0.00100 0.0500777027 0.0606899079 
9.59218 0.00100 0.0497289835 0.0603376645 
9.59329 0.00100 0.0493812312 0.0599863977 
9.59439 0.00100 0.0490311422 0.0596327707 
9.59550 0.00100 0.0486686053 0.0592665700 
9.59660 0.00100 0.0483069262 0.0589012357 
9.59769 0.00100 0.0479461966 0.0585368606 
9.59879 0.00100 0.0475863745 0.0581734021 
9.59988 0.00100 0.0472274624 0.0578108628 
9.60097 0.00100 0.0468694629 0.0574492452 
9.60206 0.00100 0.0470411421 0.0570885066 
9.60314 0.00100 0.0466847502 0.0567286948 
9.60422 0.00100 0.0463292337 0.0563697668 
9.60530 0.00100 0.0459816268 0.0560188242 
9.60638 0.00100 0.0456426255 0.0556765698 
9.60745 0.00100 0.0453045305 0.0553352306 
9.60852 0.00100 0.0449672088 0.0549946719 
9.60959 0.00100 0.0446307528 0.0546549873 
9.61066 0.00100 0.0442951194 0.0543161331 
9.61172 0.00100 0.0439602655 0.0539780660 
9.61278 0.00100 0.0436262838 0.0536408795 
9.61384 0.00100 0.0432930859 0.0533044842 
9.61490 0.00100 0.0429607190 0.0529689279 
9.61595 0.00100 0.0426291399 0.0526341670 
9.61700 0.00100 0.0422983507 0.0523002036 
9.61805 0.00100 0.0419683534 0.0519670396 
9.61909 0.00100 0.0416391499 0.0516346771 
9.62013 0.00100 0.0413107423 0.0513031182 
9.62117 0.00100 0.0409831327 0.0509723647 
9.62221 0.00100 0.0406563230 0.0506424190 
9.62325 0.00100 0.0403294474 0.0503124068 
9.62428 0.00100 0.0400041515 0.0499839893 
9.62531 0.00100 0.0396796614 0.0496563855 
9.62634 0.00100 0.0393559334 0.0493295510 
9.62737 0.00100 0.0390329694 0.0490034878 
9.62839 0.00100 0.0387107254 0.0486781515 
9.62941 0.00100 0.0383892950 0.0483536367 
9.63043 0.00100 0.0380686343 0.0480298989 
9.63144 0.00100 0.0377486992 0.0477068938 
9.63246 0.00100 0.0374294456 0.0473845766 
9.63347 0.00100 0.0376348066 0.0470630885 
9.63448 0.00100 0.0373169448 0.0467423385 
9.63548 0.00100 0.0369998162 0.0464223284 
9.63649 0.00100 0.0366833766 0.0461030136 
9.63749 0.00100 0.0363677200 0.0457844888 
9.63849 0.00100 0.0360527558 0.0454666627 
9.63949 0.00100 0.0357385782 0.0451496304 
9.64048 0.00100 0.0354250503 0.0448332537 
9.64147 0.00100 0.0351122200 0.0445175809 
9.64246 0.00100 0.0348042132 0.0442067755 
9.64345 0.00100 0.0345056315 0.0439054807 
9.64444 0.00100 0.0342077241 0.0436048665 
9.64542 0.00100 0.0339104927 0.0433049344 
9.64640 0.00100 0.0336138924 0.0430056390 
9.64738 0.00100 0.0333179244 0.0427069818 
9.64836 0.00100 0.0330227300 0.0424091052 
9.64933 0.00100 0.0327281712 0.0421118699 
9.65031 0.00100 0.0324342494 0.0418152774 
9.65128 0.00100 0.0321370958 0.0415154238 
9.65224 0.00100 0.0318351175 0.0412107016 
9.65321 0.00100 0.0315337677 0.0409066137 
9.65417 0.00100 0.0312330945 0.0406032085 
9.65514 0.00100 0.0309330995 0.0403004876 
9.65610 0.00100 0.0306337844 0.0399984528 
9.65705 0.00100 0.0303351037 0.0396970583 
9.65801 0.00100 0.0300371060 0.0393963528 
9.65896 0.00100 0.0302595538 0.0390962906 
9.65991 0.00100 0.0299585985 0.0387927539 
9.66086 0.00100 0.0296765524 0.0385082887 
9.66181 0.00100 0.0293951206 0.0382244430 
9.66276 0.00100 0.0291135988 0.0379405065 
9.66370 0.00100 0.0288334460 0.0376579509 
9.66464 0.00100 0.0285538174 0.0373759238 
9.66558 0.00100 0.0282748554 0.0370945691 
9.66652 0.00100 0.0279964671 0.0368137930 
9.66745 0.00100 0.0277186537 0.0365335967 
9.66839 0.00100 0.0274414638 0.0362540293 
9.66932 0.00100 0.0271648985 0.0359750919 
9.67025 0.00100 0.0268888647 0.0356966905 
9.67117 0.00100 0.0266135055 0.0354189695 
9.67210 0.00100 0.0263386329 0.0351417392 
9.67302 0.00100 0.0260643900 0.0348651441 
9.67394 0.00100 0.0257907308 0.0345891376 
9.67486 0.00100 0.0255176564 0.0343137211 
9.67578 0.00100 0.0252451207 0.0340388478 
9.67669 0.00100 0.0249732198 0.0337646147 
9.67761 0.00100 0.0247018598 0.0334909272 
9.67852 0.00100 0.0244310421 0.0332177866 
9.67943 0.00100 0.0241608152 0.0329452420 
9.68033 0.00100 0.0238911804 0.0326732945 
9.68124 0.00100 0.0236220437 0.0324018493 
9.68214 0.00100 0.0233535490 0.0321310517 
9.68305 0.00100 0.0230855547 0.0318607587 
9.68395 0.00100 0.0228181094 0.0315910195 
9.68484 0.00100 0.0225512620 0.0313218833 
9.68574 0.00100 0.0222849182 0.0310532551 
9.68663 0.00100 0.0220192225 0.0307852804 
9.68753 0.00100 0.0217539369 0.0305177194 
9.68842 0.00100 0.0214893018 0.0302508144 
9.68931 0.00100 0.0212251745 0.0299844217 
9.69019 0.00100 0.0209615084 0.0297184941 
9.69108 0.00100 0.0206984481 0.0294531775 
9.69196 0.00100 0.0204359470 0.0291884249 
9.69285 0.00100 0.0201739581 0.0289241888 
9.69373 0.00100 0.0199124824 0.0286604704 
9.69460 0.00100 0.0196515692 0.0283973192 
9.69548 0.00100 0.0193911231 0.0281346393 
9.69635 0.00100 0.0191312416 0.0278725287 
9.69723 0.00100 0.0188718775 0.0276109400 
9.69810 0.00100 0.0186130800 0.0273499228 
9.69897 0.00100 0.0183541269 0.0270887486 
9.69984 0.00100 0.0180963210 0.0268287314 
9.70070 0.00100 0.0178389883 0.0265691915 
9.70157 0.00100 0.0175822264 0.0263102273 
9.70243 0.00100 0.0173259398 0.0260517425 
9.70329 0.00100 0.0170702261 0.0257938355 
9.70415 0.00100 0.0168149413 0.0255363611 
9.70501 0.00100 0.0165601831 0.0252794178 
9.70586 0.00100 0.0163059040 0.0250229577 
9.70672 0.00100 0.0160522020 0.0247670796 
9.70757 0.00100 0.0157989326 0.0245116379 
9.70842 0.00100 0.0155461937 0.0242567312 
9.70927 0.00100 0.0152938892 0.0240022627 
9.71012 0.00100 0.0150421659 0.0237483802 
9.71096 0.00100 0.0147900521 0.0234941040 
9.71181 0.00100 0.0145356011 0.0232374705 
9.71265 0.00100 0.0142816813 0.0229813728 
9.71349 0.00100 0.0140282448 0.0227257626 
9.71433 0.00100 0.0137752929 0.0224706410 
9.71517 0.00100 0.0140341899 0.0222160089 
9.71600 0.00100 0.0137821313 0.0219619165 
9.71684 0.00100 0.0135304624 0.0217082171 
9.71767 0.00100 0.0132793309 0.0214550592 
9.71850 0.00100 0.0130286398 0.0212023454 
9.71933 0.00100 0.0127838711 0.0209556018 
9.72016 0.00100 0.0125409709 0.0207107417 
9.72098 0.00100 0.0122985705 0.0204663855 
9.72181 0.00100 0.0120565730 0.0202224354 
9.72263 0.00100 0.0118150770 0.0199789909 
9.72345 0.00100 0.0115740346 0.0197360036 
9.72427 0.00100 0.0113334955 0.0194935237 
9.72509 0.00100 0.0110933624 0.0192514531 
9.72591 0.00100 0.0108536362 0.0190097927 
9.72673 0.00100 0.0106144160 0.0187686422 
9.72754 0.00100 0.0103756534 0.0185279531 
9.72835 0.00100 0.0101373000 0.0182876766 
9.72916 0.00100 0.0098994059 0.0180478630 
9.72997 0.00100 0.0096619719 0.0178085133 
9.73078 0.00100 0.0094249495 0.0175695784 
9.73159 0.00100 0.0091884382 0.0173311588 
9.73239 0.00100 0.0089516488 0.0170924588 
9.73320 0.00100 0.0087159642 0.0168548727 
9.73400 0.00100 0.0084807438 0.0166177543 
9.73480 0.00100 0.0082458895 0.0163810051 
9.73560 0.00100 0.0080115009 0.0161447253 
9.73640 0.00100 0.0077775788 0.0159089158 
9.73719 0.00100 0.0075440250 0.0156734776 
9.73799 0.00100 0.0073108897 0.0154384612 
9.73878 0.00100 0.0070782233 0.0152039175 
9.73957 0.00100 0.0068459770 0.0149697973 
9.74036 0.00100 0.0066141515 0.0147361012 
9.74115 0.00100 0.0063826978 0.0145027801 
9.74194 0.00100 0.0061517659 0.0142699848 
9.74272 0.00100 0.0059211575 0.0140375159 
9.74351 0.00100 0.0056910227 0.0138055242 
9.74429 0.00100 0.0054613125 0.0135739605 
9.74507 0.00100 0.0052319279 0.0133427251 
9.74585 0.00100 0.0050030191 0.0131119694 
9.74663 0.00100 0.0047745371 0.0128816438 
9.74741 0.00100 0.0045464326 0.0126516988 
9.74819 0.00100 0.0043187563 0.0124221855 
9.74896 0.00100 0.0040915088 0.0121931045 
9.74974 0.00100 0.0038645912 0.0119643559 
9.75051 0.00100 0.0036381538 0.0117360915 
9.75128 0.00100 0.0034120474 0.0115081608 
9.75205 0.00100 0.0031863728 0.0112806653 
9.75282 0.00100 0.0029610805 0.0110535552 
9.75358 0.00100 0.0027362716 0.0108269323 
9.75435 0.00100 0.0025117461 0.0106005953 
9.75511 0.00100 0.0022876553 0.0103746964 
9.75587 0.00100 0.0020639996 0.0101492361 
9.75663 0.00100 0.0018407298 0.0099241648 
9.75739 0.00100 0.0016177962 0.0096994325 
9.75815 0.00100 0.0013952497 0.0094750903 
9.75891 0.00100 0.0011731412 0.0092511898 
9.75967 0.00100 0.0009514211 0.0090276807 
9.76042 0.00100 0.0007300398 0.0088045132 
9.76117 0.00100 0.0005090986 0.0085817893 
9.76193 0.00100 0.0002884975 0.0083594082 
9.76268 0.00100 0.0000682873 0.0081374212 
9.76343 0.00100 -0.0001521363 0.0079152191 
9.76418 0.00100 -0.0003715628 0.0076940222 
9.76492 0.00100 -0.0005906467 0.0074731705 
9.76567 0.00100 -0.0008093370 0.0072527157 
9.76641 0.00100 -0.0010276837 0.0070326073 
9.76716 0.00100 -0.0012455848 0.0068129480 
9.76790 0.00100 -0.0014631410 0.0065936365 
9.76864 0.00100 -0.0016803516 0.0063746733 
9.76938 0.00100 -0.0018972161 0.0061560590 
9.77011 0.00100 -0.0021136832 0.0059378453 
9.77085 0.00100 -0.0023298030 0.0057199818 
9.77159 0.00100 -0.0025455241 0.0055025201 
9.77232 0.00100 -0.0027608966 0.0052854098 
9.77305 0.00100 -0.0029759200 0.0050686515 
9.77379 0.00100 -0.0031905430 0.0048522968 
9.77452 0.00100 -0.0034048664 0.0046362442 
9.77525 0.00100 -0.0036187372 0.0044206477 
9.77597 0.00100 -0.0038313918 0.0042062772 
9.77670 0.00100 -0.0040434900 0.0039924677 
9.77743 0.00100 -0.0042552853 0.0037789635 
9.77815 0.00100 -0.0044666754 0.0035658678 
9.77887 0.00100 -0.0046777615 0.0033530785 
9.77960 0.00100 -0.0048884923 0.0031406474 
9.78032 0.00100 -0.0050988671 0.0029285752 
9.78104 0.00100 -0.0053089364 0.0027168110 
9.78175 0.00100 -0.0055185464 0.0025055097 
9.78247 0.00100 -0.0057279520 0.0022944145 
9.78319 0.00100 -0.0059381749 0.0020824954 
9.78390 0.00100 -0.0061493187 0.0018696479 
9.78462 0.00100 -0.0063602079 0.0016570572 
9.78533 0.00100 -0.0065707397 0.0014448267 
9.78604 0.00100 -0.0067809135 0.0012329571 
9.78675 0.00100 -0.0069907800 0.0010213973 
9.78746 0.00100 -0.0072002874 0.0008101994 
9.78817 0.00100 -0.0074094352 0.0005993641 
9.78887 0.00100 -0.0076182741 0.0003888402 
9.78958 0.00100 -0.0078267522 0.0001786800 
9.79028 0.00100 -0.0080348690 -0.0000311161 
9.79099 0.00100 -0.0082426753 -0.0002405991 
9.79169 0.00100 -0.0084501449 -0.0004497426 
9.79239 0.00100 -0.0086578173 -0.0006590907 
9.79309 0.00100 -0.0088646121 -0.0008675540 
9.79379 0.00100 -0.0090710687 -0.0010756764 
9.79449 0.00100 -0.0092772121 -0.0012834831 
9.79518 0.00100 -0.0094830162 -0.0014909477 
9.79588 0.00100 -0.0096884804 -0.0016980697 
9.79657 0.00100 -0.0098936299 -0.0019048745 
9.79727 0.00100 -0.0100984385 -0.0021113357 
9.79796 0.00100 -0.0103029573 -0.0023175046 
9.79865 0.00100 -0.0105071083 -0.0025233028 
9.79934 0.00100 -0.0107109685 -0.0027288079 
9.80003 0.00100 -0.0109144599 -0.0029339412 
9.80072 0.00100 -0.0111176594 -0.0031387802 
9.80140 0.00100 -0.0113205408 -0.0033432986 
9.80209 0.00100 -0.0115231035 -0.0035474957 
9.80277 0.00100 -0.0117253213 -0.0037513450 
9.80346 0.00100 -0.0119272452 -0.0039548982 
9.80414 0.00100 -0.0121288490 -0.0041581287 
9.80482 0.00100 -0.0123301323 -0.0043610360 
9.80550 0.00100 -0.0125310944 -0.0045636196 
9.80618 0.00100 -0.0127317349 -0.0047658790 
9.80686 0.00100 -0.0129321052 -0.0049678660 
9.80753 0.00100 -0.0131321270 -0.0051695017 
9.80821 0.00100 -0.0133318257 -0.0053708117 
9.80888 0.00100 -0.0135312529 -0.0055718480 
9.80956 0.00100 -0.0137303561 -0.0057725577 
9.81023 0.00100 -0.0139291348 -0.0059729403 
9.81090 0.00100 -0.0141276146 -0.0061730215 
9.81157 0.00100 -0.0143257950 -0.0063728009 
9.81224 0.00100 -0.0145236755 -0.0065722781 
9.81291 0.00100 -0.0147212297 -0.0067714262 
9.81358 0.00100 -0.0149184830 -0.0069702711 
9.81425 0.00100 -0.0151154352 -0.0071688124 
9.81491 0.00100 -0.0153121117 -0.0073670758 
9.81558 0.00100 -0.0155084600 -0.0075650084 
9.81624 0.00100 -0.0157045057 -0.0077626359 
9.81690 0.00100 -0.0159002745 -0.0079599843 
9.81756 0.00100 -0.0160957398 -0.0081570267 
9.81822 0.00100 -0.0162909012 -0.0083537627 
9.81888 0.00100 -0.0164857844 -0.0085502183 
9.81954 0.00100 -0.0166808344 -0.0087468421 
9.82020 0.00100 -0.0168751076 -0.0089426829 
9.82086 0.00100 -0.0170691014 -0.0091382419 
9.82151 0.00100 -0.0172627891 -0.0093334924 
9.82217 0.00100 -0.0174561701 -0.0095284337 
9.82282 0.00100 -0.0171538842 -0.0097230920 
9.82347 0.00100 -0.0173468004 -0.0099174667 
9.82413 0.00100 -0.0175394086 -0.0101115311 
9.82478 0.00100 -0.0177317608 -0.0103053376 
9.82543 0.00100 -0.0179238041 -0.0104988329 
9.82607 0.00100 -0.0181155644 -0.0106920430 
9.82672 0.00100 -0.0183070412 -0.0108849675 
9.82737 0.00100 -0.0184982078 -0.0110775793 
9.82801 0.00100 -0.0186891165 -0.0112699314 
9.82866 0.00100 -0.0188797668 -0.0114620231 
9.82930 0.00100 -0.0190701056 -0.0116538009 
9.82995 0.00100 -0.0192601588 -0.0118452911 
9.83059 0.00100 -0.0194499261 -0.0120364931 
9.83123 0.00100 -0.0196394071 -0.0122274066 
9.83187 0.00100 -0.0198286276 -0.0124180578 
9.83251 0.00100 -0.0200175875 -0.0126084463 
9.83315 0.00100 -0.0202062334 -0.0127985184 
9.83378 0.00100 -0.0203946176 -0.0129883269 
9.83442 0.00100 -0.0205827135 -0.0131778449 
9.83506 0.00100 -0.0207705736 -0.0133671253 
9.83569 0.00100 -0.0209580915 -0.0135560609 
9.83632 0.00100 -0.0211453993 -0.0137447849 
9.83696 0.00100 -0.0213323906 -0.0139331899 
9.83759 0.00100 -0.0215191446 -0.0141213558 
9.83822 0.00100 -0.0217056077 -0.0143092288 
9.83885 0.00100 -0.0218918063 -0.0144968351 
9.83948 0.00100 -0.0220777398 -0.0146841744 
9.84010 0.00100 -0.0222634080 -0.0148712462 
9.84073 0.00100 -0.0224488103 -0.0150580503 
9.84136 0.00100 -0.0226339200 -0.0152445595 
9.84198 0.00100 -0.0228187631 -0.0154308001 
9.84261 0.00100 -0.0230033659 -0.0156167986 
9.84323 0.00100 -0.0231876747 -0.0158025009 
9.84385 0.00100 -0.0233717426 -0.0159879604 
9.84448 0.00100 -0.0235561824 -0.0161737947 
9.84510 0.00100 -0.0237412882 -0.0163602999 
9.84572 0.00100 -0.0239256727 -0.0165460785 
9.84634 0.00100 -0.0241097890 -0.0167315868 
9.84696 0.00100 -0.0242936635 -0.0169168515 
9.84757 0.00100 -0.0244772423 -0.0171018183 
9.84819 0.00100 -0.0246605785 -0.0172865406 
9.84880 0.00100 -0.0248436451 -0.0174709912 
9.84942 0.00100 -0.0250264416 -0.0176551697 
9.85003 0.00100 -0.0252090211 -0.0178391296 
9.85065 0.00100 -0.0253896427 -0.0180211168 
9.85126 0.00100 -0.0255698846 -0.0182027215 
9.85187 0.00100 -0.0257499071 -0.0183841050 
9.85248 0.00100 -0.0259296562 -0.0185652131 
9.85309 0.00100 -0.0261091316 -0.0187460454 
9.85370 0.00100 -0.0262883596 -0.0189266285 
9.85431 0.00100 -0.0264673401 -0.0191069622 
9.85491 0.00100 -0.0266460995 -0.0192870730 
9.85552 0.00100 -0.0268245838 -0.0194669067 
9.85612 0.00100 -0.0270027925 -0.0196464628 
9.85673 0.00100 -0.0271808329 -0.0198258493 
9.85733 0.00100 -0.0273585434 -0.0200049033 
9.85793 0.00100 -0.0275360580 -0.0201837600 
9.85854 0.00100 -0.0277132957 -0.0203623377 
9.85914 0.00100 -0.0278903101 -0.0205406904 
9.85974 0.00100 -0.0280658342 -0.0207175416 
9.86034 0.00100 -0.0282408906 -0.0208939216 
9.86094 0.00100 -0.0284157485 -0.0210701015 
9.86153 0.00100 -0.0285903267 -0.0212459995 
9.86213 0.00100 -0.0287647056 -0.0214216969 
9.86273 0.00100 -0.0289388041 -0.0215971116 
9.86332 0.00100 -0.0291126759 -0.0217722979 
9.86392 0.00100 -0.0292863205 -0.0219472554 
9.86451 0.00100 -0.0294597107 -0.0221219565 
9.86510 0.00100 -0.0296328732 -0.0222964282 
9.86569 0.00100 -0.0298058076 -0.0224706701 
9.86629 0.00100 -0.0299784867 -0.0226446547 
9.86688 0.00100 -0.0301509642 -0.0228184362 
9.86747 0.00100 -0.0303231586 -0.0229919325 
9.86805 0.00100 -0.0304951508 -0.0231652251 
9.86864 0.00100 -0.0306669135 -0.0233382863 
9.86923 0.00100 -0.0308388802 -0.0235115532 
9.86982 0.00100 -0.0310101559 -0.0236841238 
9.87040 0.00100 -0.0311812011 -0.0238564622 
9.87099 0.00100 -0.0313520427 -0.0240285954 
9.87157 0.00100 -0.0315226803 -0.0242005232 
9.87216 0.00100 -0.0316930323 -0.0243721631 
9.87274 0.00100 -0.0318631526 -0.0245435696 
9.87332 0.00100 -0.0320330953 -0.0247147971 
9.87390 0.00100 -0.0322027785 -0.0248857632 
9.87448 0.00100 -0.0323722292 -0.0250564950 
9.87506 0.00100 -0.0325414470 -0.0252269922 
9.87564 0.00100 -0.0327104861 -0.0253973093 
9.87622 0.00100 -0.0328792645 -0.0255673638 
9.87679 0.00100 -0.0330478092 -0.0257371827 
9.87737 0.00100 -0.0332161471 -0.0259067934 
9.87795 0.00100 -0.0333842779 -0.0260761953 
9.87852 0.00100 -0.0335521469 -0.0262453335 
9.87910 0.00100 -0.0337198082 -0.0264142624 
9.87967 0.00100 -0.0338872890 -0.0265830094 
9.88024 0.00100 -0.0340544796 -0.0267514640 
9.88081 0.00100 -0.0342215164 -0.0269197638 
9.88138 0.00100 -0.0343882898 -0.0270877981 
9.88195 0.00100 -0.0345548543 -0.0272556218 
9.88252 0.00100 -0.0347212095 -0.0274232348 
9.88309 0.00100 -0.0348873551 -0.0275906365 
9.88366 0.00100 -0.0350532635 -0.0277577993 
9.88423 0.00100 -0.0352189619 -0.0279247504 
9.88479 0.00100 -0.0353844225 -0.0280914619 
9.88536 0.00100 -0.0355496998 -0.0282579888 
9.88593 0.00100 -0.0357147388 -0.0284242756 
9.88649 0.00100 -0.0358795666 -0.0285903496 
9.88705 0.00100 -0.0360442104 -0.0287562382 
9.88762 0.00100 -0.0362086151 -0.0289218859 
9.88818 0.00100 -0.0363728353 -0.0290873476 
9.88874 0.00100 -0.0365368157 -0.0292525678 
9.88930 0.00100 -0.0367005561 -0.0294175462 
9.88986 0.00100 -0.0368641113 -0.0295823379 
9.89042 0.00100 -0.0370274809 -0.0297469427 
9.89098 0.00100 -0.0371906096 -0.0299113048 
9.89154 0.00100 -0.0373535524 -0.0300754794 
9.89209 0.00100 -0.0375166669 -0.0302398272 
9.89265 0.00100 -0.0376792094 -0.0304035986 
9.89321 0.00100 -0.0378415101 -0.0305671264 
9.89376 0.00100 -0.0380035961 -0.0307304378 
9.89432 0.00100 -0.0381654948 -0.0308935605 
9.89487 0.00100 -0.0383271784 -0.0310564665 
9.89542 0.00100 -0.0384886466 -0.0312191555 
9.89597 0.00100 -0.0386499267 -0.0313816550 
9.89653 0.00100 -0.0388109909 -0.0315439369 
9.89708 0.00100 -0.0389718667 -0.0317060290 
9.89763 0.00100 -0.0391325260 -0.0318679029 
9.89818 0.00100 -0.0392929686 -0.0320295585 
9.89872 0.00100 -0.0394532219 -0.0321910235 
9.89927 0.00100 -0.0396132581 -0.0323522696 
9.89982 0.00100 -0.0397731322 -0.0325133524 
9.90037 0.00100 -0.0399327886 -0.0326742159 
9.90091 0.00100 -0.0400922271 -0.0328348598 
9.90146 0.00100 -0.0402514751 -0.0329953118 
9.90200 0.00100 -0.0404105324 -0.0331555717 
9.90255 0.00100 -0.0405693710 -0.0333156112 
9.90309 0.00100 -0.0407280184 -0.0334754580 
9.90363 0.00100 -0.0408864743 -0.0336351120 
9.90417 0.00100 -0.0410447386 -0.0337945729 
9.90471 0.00100 -0.0412028110 -0.0339538404 
9.90526 0.00100 -0.0413606357 -0.0341128583 
9.90580 0.00100 -0.0415183237 -0.0342717384 
9.90633 0.00100 -0.0416757912 -0.0344303964 
9.90687 0.00100 -0.0418330380 -0.0345888321 
9.90741 0.00100 -0.0419901474 -0.0347471293 
9.90795 0.00100 -0.0421470078 -0.0349051757 
9.90848 0.00100 -0.0423037025 -0.0350630551 
9.90902 0.00100 -0.0424602034 -0.0352207392 
9.90955 0.00100 -0.0426165103 -0.0353782279 
9.91009 0.00100 -0.0427726509 -0.0355355490 
9.91062 0.00100 -0.0429285691 -0.0356926460 
9.91116 0.00100 -0.0430842926 -0.0358495469 
9.91169 0.00100 -0.0432397933 -0.0360062232 
9.91222 0.00100 -0.0433951547 -0.0361627592 
9.91275 0.00100 -0.0435503486 -0.0363191264 
9.91328 0.00100 -0.0437052910 -0.0364752402 
9.91381 0.00100 -0.0438604568 -0.0366315792 
9.91434 0.00100 -0.0440150634 -0.0367873547 
9.91487 0.00100 -0.0441694456 -0.0369429042 
9.91540 0.00100 -0.0443236874 -0.0370983120 
9.91593 0.00100 -0.0444777044 -0.0372534935 
9.91645 0.00100 -0.0446315804 -0.0374085329 
9.91698 0.00100 -0.0447862678 -0.0375643898 
9.91751 0.00100 -0.0449407585 -0.0377200485 
9.91803 0.00100 -0.0450950523 -0.0378755088 
9.91855 0.00100 -0.0452491769 -0.0380307987 
9.91908 0.00100 -0.0454031043 -0.0381858898 
9.91960 0.00100 -0.0455568620 -0.0383408101 
9.92012 0.00100 -0.0457104221 -0.0384955312 
9.92064 0.00100 -0.0458637841 -0.0386500526 
9.92117 0.00100 -0.0455361377 -0.0388044027 
9.92169 0.00100 -0.0456889833 -0.0389583262 
9.92221 0.00100 -0.0463218082 -0.0391115396 
9.92272 0.00100 -0.0464736724 -0.0392645520 
9.92324 0.00100 -0.0466253933 -0.0394174199 
9.92376 0.00100 -0.0467768861 -0.0395700581 
9.92428 0.00100 -0.0469282070 -0.0397225230 
9.92480 0.00100 -0.0470793275 -0.0398747861 
9.92531 0.00100 -0.0472303039 -0.0400269039 
9.92583 0.00100 -0.0473811076 -0.0401788479 
9.92634 0.00100 -0.0475317105 -0.0403305894 
9.92686 0.00100 -0.0476821403 -0.0404821565 
9.92737 0.00100 -0.0478324253 -0.0406335777 
9.92788 0.00100 -0.0479824804 -0.0407847673 
9.92839 0.00100 -0.0481323902 -0.0409358104 
9.92891 0.00100 -0.0482821261 -0.0410866785 
9.92942 0.00100 -0.0484316599 -0.0412373428 
9.92993 0.00100 -0.0485810194 -0.0413878316 
9.93044 0.00100 -0.0487302328 -0.0415381731 
9.93095 0.00100 -0.0488792434 -0.0416883103 
9.93146 0.00100 -0.0490281076 -0.0418382999 
9.93196 0.00100 -0.0491767684 -0.0419880847 
9.93247 0.00100 -0.0493252540 -0.0421376929 
9.93298 0.00100 -0.0494735926 -0.0422871530 
9.93349 0.00100 -0.0496217273 -0.0424364077 
9.93399 0.00100 -0.0497697429 -0.0425855423 
9.93450 0.00100 -0.0499179227 -0.0427348425 
9.93500 0.00100 -0.0500656147 -0.0428836511 
9.93551 0.00100 -0.0502131303 -0.0430322820 
9.93601 0.00100 -0.0503605262 -0.0431807923 
9.93651 0.00100 -0.0505077170 -0.0433290959 
9.93702 0.00100 -0.0506547309 -0.0434772213 
9.93752 0.00100 -0.0508015962 -0.0436251970 
9.93802 0.00100 -0.0504699599 -0.0437730226 
9.93852 0.00100 -0.0506165159 -0.0439206122 
9.93902 0.00100 -0.0507629509 -0.0440680800 
9.93952 0.00100 -0.0509092080 -0.0442153687 
9.94002 0.00100 -0.0510552300 -0.0443624206 
9.94052 0.00100 -0.0512001908 -0.0445084038 
9.94102 0.00100 -0.0513449155 -0.0446541492 
9.94151 0.00100 -0.0514895463 -0.0447998000 
9.94201 0.00100 -0.0516339690 -0.0449452413 
9.94251 0.00100 -0.0517782406 -0.0450905304 
9.94300 0.00100 -0.0519223321 -0.0452356382 
9.94350 0.00100 -0.0520663006 -0.0453806221 
9.94399 0.00100 -0.0522100603 -0.0455253957 
9.94449 0.00100 -0.0523536680 -0.0456700163 
9.94498 0.00100 -0.0524971522 -0.0458145124 
9.94547 0.00100 -0.0526404269 -0.0459587977 
9.94597 0.00100 -0.0527835493 -0.0461029295 
9.94646 0.00100 -0.0529265189 -0.0462469075 
9.94695 0.00100 -0.0530693072 -0.0463907028 
9.94744 0.00100 -0.0532119425 -0.0465343441 
9.94793 0.00100 -0.0533544246 -0.0466778311 
9.94842 0.00100 -0.0534967247 -0.0468211349 
9.94891 0.00100 -0.0536388714 -0.0469642841 
9.94940 0.00100 -0.0537808644 -0.0471072785 
9.94988 0.00100 -0.0539227321 -0.0472501469 
9.95037 0.00100 -0.0540644172 -0.0473928312 
9.95086 0.00100 -0.0542059195 -0.0475353315 
9.95134 0.00100 -0.0543472961 -0.0476777052 
9.95183 0.00100 -0.0544884894 -0.0478198944 
9.95232 0.00100 -0.0546295281 -0.0479619278 
9.95280 0.00100 -0.0547704406 -0.0481038341 
9.95328 0.00100 -0.0549111694 -0.0482455555 
9.95377 0.00100 -0.0550517430 -0.0483871205 
9.95429 0.00100 -0.0552036588 -0.0485401078 
9.95477 0.00100 -0.0553439252 -0.0486813634 
9.95526 0.00100 -0.0554840071 -0.0488224334 
9.95574 0.00100 -0.0556239331 -0.0489633463 
9.95622 0.00100 -0.0557637032 -0.0491041021 
9.95670 0.00100 -0.0559033457 -0.0492447295 
9.95718 0.00100 -0.0560428319 -0.0493851995 
9.95766 0.00100 -0.0561821616 -0.0495255118 
9.95814 0.00100 -0.0563213345 -0.0496656664 
9.95861 0.00100 -0.0564603218 -0.0498056339 
9.95909 0.00100 -0.0565991808 -0.0499454723 
9.95957 0.00100 -0.0567378827 -0.0500851524 
9.96005 0.00100 -0.0568764560 -0.0502247030 
9.96052 0.00100 -0.0570148429 -0.0503640660 
9.96100 0.00100 -0.0571531011 -0.0505032993 
9.96147 0.00100 -0.0572912302 -0.0506424026 
9.96195 0.00100 -0.0574291725 -0.0507813178 
9.96242 0.00100 -0.0575669855 -0.0509201028 
9.96289 0.00100 -0.0577046112 -0.0510586992 
9.96337 0.00100 -0.0578421363 -0.0511971942 
9.96384 0.00100 -0.0579794739 -0.0513355004 
9.96431 0.00100 -0.0581166525 -0.0514736466 
9.96478 0.00100 -0.0582537301 -0.0516116910 
9.96525 0.00100 -0.0583906196 -0.0517495459 
9.96572 0.00100 -0.0585273789 -0.0518872697 
9.96619 0.00100 -0.0586640076 -0.0520248620 
9.96666 0.00100 -0.0588004477 -0.0521622645 
9.96713 0.00100 -0.0589367571 -0.0522995352 
9.96760 0.00100 -0.0590729355 -0.0524366741 
9.96807 0.00100 -0.0592089539 -0.0525736518 
9.96854 0.00100 -0.0593448120 -0.0527104681 
9.96900 0.00100 -0.0594805387 -0.0528471521 
9.96947 0.00100 -0.0596161049 -0.0529836744 
9.96994 0.00100 -0.0597515685 -0.0531200934 
9.97040 0.00100 -0.0598868712 -0.0532563504 
9.97087 0.00100 -0.0600220130 -0.0533924453 
9.97133 0.00100 -0.0601569935 -0.0535283779 
9.97179 0.00100 -0.0602918418 -0.0536641772 
9.97226 0.00100 -0.0604265577 -0.0537998433 
9.97272 0.00100 -0.0605611411 -0.0539353759 
9.97322 0.00100 -0.0607065966 -0.0540818573 
9.97368 0.00100 -0.0608408597 -0.0542170673 
9.97414 0.00100 -0.0609750190 -0.0543521728 
9.97460 0.00100 -0.0611089869 -0.0544870856 
9.97506 0.00100 -0.0612428507 -0.0546218934 
9.97552 0.00100 -0.0613765227 -0.0547565083 
9.97598 0.00100 -0.0615100904 -0.0548910180 
9.97644 0.00100 -0.0616435244 -0.0550253931 
9.97690 0.00100 -0.0617767954 -0.0551596041 
9.97736 0.00100 -0.0619099324 -0.0552936801 
9.97782 0.00100 -0.0620429062 -0.0554275916 
9.97827 0.00100 -0.0621757748 -0.0555613974 
9.97873 0.00100 -0.0623085091 -0.0556950678 
9.97919 0.00100 -0.0624410796 -0.0558285734 
9.97964 0.00100 -0.0625735155 -0.0559619433 
9.98010 0.00100 -0.0627058458 -0.0560952069 
9.98055 0.00100 -0.0628379826 -0.0562282757 
9.98101 0.00100 -0.0629700137 -0.0563612379 
9.98146 0.00100 -0.0631018802 -0.0564940345 
9.98191 0.00100 -0.0632336406 -0.0566267242 
9.98237 0.00100 -0.0633652363 -0.0567592480 
9.98282 0.00100 -0.0634967256 -0.0568916647 
9.98327 0.00100 -0.0636280792 -0.0570239447 
9.98372 0.00100 -0.0637592674 -0.0571560582 
9.98417 0.00100 -0.0638903490 -0.0572880643 
9.98462 0.00100 -0.0640212651 -0.0574199038 
9.98507 0.00100 -0.0641520742 -0.0575516354 
9.98552 0.00100 -0.0642827175 -0.0576832002 
9.98597 0.00100 -0.0644132536 -0.0578146569 
9.98642 0.00100 -0.0645436236 -0.0579459464 
9.98687 0.00100 -0.0646738567 -0.0580770980 
9.98731 0.00100 -0.0648039821 -0.0582081412 
9.98776 0.00100 -0.0649339999 -0.0583390760 
9.98821 0.00100 -0.0650638216 -0.0584698133 
9.98865 0.00100 -0.0651935647 -0.0586004715 
9.98910 0.00100 -0.0653231409 -0.0587309615 
9.98955 0.00100 -0.0654526089 -0.0588613426 
9.98999 0.00100 -0.0655819096 -0.0589915553 
9.99044 0.00100 -0.0657111018 -0.0591216586 
9.99088 0.00100 -0.0658401559 -0.0592516230 
9.99136 0.00100 -0.0659796521 -0.0593921031 
9.99180 0.00100 -0.0661083150 -0.0595216733 
9.99224 0.00100 -0.0662285235 -0.0596427297 
9.99269 0.00100 -0.0663486179 -0.0597636712 
9.99313 0.00100 -0.0664686279 -0.0598845275 
9.99357 0.00100 -0.0665884646 -0.0600052095 
9.99401 0.00100 -0.0667081871 -0.0601257763 
9.99445 0.00100 -0.0668277951 -0.0602462279 
9.99489 0.00100 -0.0669472886 -0.0603665642 
9.99533 0.00100 -0.0670666676 -0.0604867851 
9.99577 0.00100 -0.0671859022 -0.0606068607 
9.99621 0.00100 -0.0673056428 -0.0607274458 
9.99665 0.00100 -0.0674313309 -0.0608540204 
9.99708 0.00100 -0.0675568781 -0.0609804530 
9.99752 0.00100 -0.0676823139 -0.0611067736 
9.99796 0.00100 -0.0678076679 -0.0612330116 
9.99839 0.00100 -0.0679328510 -0.0613590776 
9.99883 0.00100 -0.0680579224 -0.0614850312 
9.99926 0.00100 -0.0681828524 -0.0616108423 
9.99970 0.00100 -0.0683076704 -0.0617365406 
10.00013 0.00100 -0.0684323763 -0.0618621261 
10.00057 0.00100 -0.0685569108 -0.0619875389 
10.00100 0.00100 -0.0686813330 -0.0621128386 
10.00144 0.00100 -0.0688056725 -0.0622380550 
10.00187 0.00100 -0.0689298697 -0.0623631282 
10.00230 0.00100 -0.0690539246 -0.0624880581 
10.00273 0.00100 -0.0691778965 -0.0626129043 
10.00316 0.00100 -0.0693016961 -0.0627375770 
10.00360 0.00100 -0.0694253827 -0.0628621360 
10.00403 0.00100 -0.0695489859 -0.0629866110 
10.00446 0.00100 -0.0696724165 -0.0631109122 
10.00489 0.00100 -0.0697957635 -0.0632351291 
10.00532 0.00100 -0.0699189971 -0.0633592318 
10.00574 0.00100 -0.0700420576 -0.0634831603 
10.00617 0.00100 -0.0701650343 -0.0636070043 
10.00660 0.00100 -0.0702878674 -0.0637307038 
10.00703 0.00100 -0.0704105866 -0.0638542885 
10.00746 0.00100 -0.0705331918 -0.0639777584 
10.00788 0.00100 -0.0706556830 -0.0641011135 
10.00831 0.00100 -0.0707780301 -0.0642243235 
10.00877 0.00100 -0.0709103388 -0.0643575653 
10.00920 0.00100 -0.0710324302 -0.0644805179 
10.00962 0.00100 -0.0711544369 -0.0646033850 
10.01005 0.00100 -0.0712763288 -0.0647261367 
10.01047 0.00100 -0.0713980763 -0.0648487428 
10.01089 0.00100 -0.0715196789 -0.0649712031 
10.01132 0.00100 -0.0716412263 -0.0650936078 
10.01174 0.00100 -0.0717625989 -0.0652158364 
10.01216 0.00100 -0.0718839160 -0.0653380092 
10.01259 0.00100 -0.0720050581 -0.0654600056 
10.01301 0.00100 -0.0721261146 -0.0655819159 
10.01343 0.00100 -0.0722470256 -0.0657036797 
10.01385 0.00100 -0.0723678509 -0.0658253572 
10.01427 0.00100 -0.0724885606 -0.0659469182 
10.01469 0.00100 -0.0726091244 -0.0660683323 
10.01511 0.00100 -0.0727295723 -0.0661896297 
10.01553 0.00100 -0.0728499340 -0.0663108403 
10.01595 0.00100 -0.0729701496 -0.0664319038 
10.01637 0.00100 -0.0730902789 -0.0665528803 
10.01679 0.00100 -0.0732102618 -0.0666737095 
10.01720 0.00100 -0.0733301582 -0.0667944515 
10.01762 0.00100 -0.0734499081 -0.0669150460 
10.01804 0.00100 -0.0735695712 -0.0670355531 
10.01846 0.00100 -0.0736890875 -0.0671559123 
10.01887 0.00100 -0.0738085169 -0.0672761840 
10.01929 0.00100 -0.0739278293 -0.0673963379 
10.01970 0.00100 -0.0740470246 -0.0675163739 
10.02012 0.00100 -0.0741660726 -0.0676362615 
10.02053 0.00100 -0.0742850633 -0.0677560914 
10.02095 0.00100 -0.0744039066 -0.0678757729 
10.02136 0.00100 -0.0745226323 -0.0679953360 
10.02177 0.00100 -0.0746413004 -0.0681148411 
10.02219 0.00100 -0.0747598209 -0.0682341974 
10.02260 0.00100 -0.0748782234 -0.0683534350 
10.02301 0.00100 -0.0749990359 -0.0684750997 
10.02342 0.00100 -0.0751324053 -0.0686094097 
10.02384 0.00100 -0.0752656654 -0.0687436096 
10.02425 0.00100 -0.0753988160 -0.0688776994 
10.02466 0.00100 -0.0755318270 -0.0690116485 
10.02507 0.00100 -0.0756646982 -0.0691454567 
10.02551 0.00100 -0.0758083138 -0.0692900853 
10.02592 0.00100 -0.0759409686 -0.0694236757 
10.02633 0.00100 -0.0760730910 -0.0695567299 
10.02674 0.00100 -0.0762051030 -0.0696896730 
10.02715 0.00100 -0.0763254124 -0.0698108310 
10.02755 0.00100 -0.0764435210 -0.0699297725 
10.02796 0.00100 -0.0765615410 -0.0700486249 
10.02837 0.00100 -0.0766794121 -0.0701673274 
10.02878 0.00100 -0.0767971946 -0.0702859405 
10.02918 0.00100 -0.0769148883 -0.0704044643 
10.02959 0.00100 -0.0770324630 -0.0705228683 
10.02999 0.00100 -0.0771498882 -0.0706411217 
10.03040 0.00100 -0.0772672547 -0.0707593159 
10.03080 0.00100 -0.0773845018 -0.0708773900 
10.03121 0.00100 -0.0775015992 -0.0709953133 
10.03161 0.00100 -0.0776186376 -0.0711131771 
10.03202 0.00100 -0.0777355563 -0.0712309204 
10.03242 0.00100 -0.0778523249 -0.0713485126 
10.03282 0.00100 -0.0779690646 -0.0714660756 
10.03323 0.00100 -0.0780856237 -0.0715834568 
10.03363 0.00100 -0.0782020930 -0.0717007476 
10.03403 0.00100 -0.0783184725 -0.0718179479 
10.03443 0.00100 -0.0784347317 -0.0719350271 
10.03483 0.00100 -0.0785509009 -0.0720520156 
10.03523 0.00100 -0.0786669194 -0.0721688523 
10.03563 0.00100 -0.0787828779 -0.0722856286 
10.03603 0.00100 -0.0788987157 -0.0724022835 
10.03643 0.00100 -0.0790144329 -0.0725188168 
10.03683 0.00100 -0.0791300292 -0.0726352284 
10.03723 0.00100 -0.0792455653 -0.0727515793 
10.03763 0.00100 -0.0793609499 -0.0728677778 
10.03803 0.00100 -0.0794762742 -0.0729839154 
10.03843 0.00100 -0.0795914772 -0.0730999310 
10.03882 0.00100 -0.0797065590 -0.0732158244 
10.03922 0.00100 -0.0798215497 -0.0733316261 
10.03962 0.00100 -0.0799364189 -0.0734473055 
10.04002 0.00100 -0.0800511969 -0.0735628929 
10.04041 0.00100 -0.0801658836 -0.0736783885 
10.04081 0.00100 -0.0802804484 -0.0737937614 
10.04120 0.00100 -0.0803948914 -0.0739090115 
10.04163 0.00100 -0.0805186617 -0.0740336548 
10.04202 0.00100 -0.0806328935 -0.0741486923 
10.04242 0.00100 -0.0807470335 -0.0742636373 
10.04281 0.00100 -0.0808610818 -0.0743784900 
10.04321 0.00100 -0.0809750077 -0.0744932193 
10.04360 0.00100 -0.0810888416 -0.0746078561 
10.04399 0.00100 -0.0812025528 -0.0747223693 
10.04438 0.00100 -0.0813162025 -0.0748368205 
10.04478 0.00100 -0.0814297293 -0.0749511481 
10.04517 0.00100 -0.0815431334 -0.0750653519 
10.04556 0.00100 -0.0816564449 -0.0751794627 
10.04595 0.00100 -0.0817696945 -0.0752935110 
10.04634 0.00100 -0.0818827905 -0.0754074046 
10.04673 0.00100 -0.0819958243 -0.0755212357 
10.04712 0.00100 -0.0821087042 -0.0756349117 
10.04751 0.00100 -0.0822215218 -0.0757485250 
10.04790 0.00100 -0.0823342465 -0.0758620447 
10.04829 0.00100 -0.0824468476 -0.0759754400 
10.04868 0.00100 -0.0825593556 -0.0760887415 
10.04907 0.00100 -0.0826717704 -0.0762019491 
10.04945 0.00100 -0.0827840613 -0.0763150320 
10.04984 0.00100 -0.0828962895 -0.0764280518 
10.05023 0.00100 -0.0830083936 -0.0765409465 
10.05062 0.00100 -0.0831204043 -0.0766537472 
10.05100 0.00100 -0.0832323213 -0.0767664535 
10.05139 0.00100 -0.0833441139 -0.0768790346 
10.05177 0.00100 -0.0834558128 -0.0769915213 
10.05216 0.00100 -0.0835674485 -0.0771039444 
10.05254 0.00100 -0.0836789596 -0.0772162419 
10.05293 0.00100 -0.0837903767 -0.0773284448 
10.05331 0.00100 -0.0839016382 -0.0774404911 
10.05370 0.00100 -0.0840128670 -0.0775525043 
10.05408 0.00100 -0.0841240015 -0.0776644227 
10.05447 0.00100 -0.0842342731 -0.0777754720 
10.05485 0.00100 -0.0843409746 -0.0778829261 
10.05523 0.00100 -0.0844476103 -0.0779903139 
10.05561 0.00100 -0.0845541186 -0.0780975733 
10.05600 0.00100 -0.0846605300 -0.0782047353 
10.05638 0.00100 -0.0847668445 -0.0783117996 
10.05676 0.00100 -0.0848731237 -0.0784188284 
10.05717 0.00100 -0.0849879297 -0.0785344441 
10.05755 0.00100 -0.0850939554 -0.0786412175 
10.05793 0.00100 -0.0851999146 -0.0787479241 
10.05831 0.00100 -0.0853090438 -0.0788578230 
10.05869 0.00100 -0.0854188789 -0.0789684327 
10.05907 0.00100 -0.0855286186 -0.0790789464 
10.05945 0.00100 -0.0856382628 -0.0791893639 
10.05983 0.00100 -0.0857478116 -0.0792996853 
10.06021 0.00100 -0.0858572647 -0.0794099104 
10.06059 0.00100 -0.0859666221 -0.0795200391 
10.06096 0.00100 -0.0860758838 -0.0796300714 
10.06134 0.00100 -0.0861850804 -0.0797400382 
10.06172 0.00100 -0.0862941503 -0.0798498773 
10.06210 0.00100 -0.0864031242 -0.0799596198 
10.06247 0.00100 -0.0865120020 -0.0800692655 
10.06285 0.00100 -0.0866207835 -0.0801788143 
10.06322 0.00100 -0.0867294689 -0.0802882662 
10.06360 0.00100 -0.0868380889 -0.0803976522 
10.06397 0.00100 -0.0869465815 -0.0805069100 
10.06435 0.00100 -0.0870550085 -0.0806161018 
10.06472 0.00100 -0.0871633081 -0.0807251652 
10.06510 0.00100 -0.0872715420 -0.0808341624 
10.06547 0.00100 -0.0873797101 -0.0809430934 
10.06584 0.00100 -0.0874877195 -0.0810518646 
10.06622 0.00100 -0.0875956940 -0.0811606007 
10.06659 0.00100 -0.0877035406 -0.0812692079 
10.06696 0.00100 -0.0878112901 -0.0813777173 
10.06734 0.00100 -0.0879189735 -0.0814861602 
10.06771 0.00100 -0.0880265598 -0.0815945053 
10.06808 0.00100 -0.0881340177 -0.0817027211 
10.06845 0.00100 -0.0882414094 -0.0818108702 
10.06882 0.00100 -0.0883487347 -0.0819189524 
10.06919 0.00100 -0.0884559314 -0.0820269052 
10.06956 0.00100 -0.0885630617 -0.0821347911 
10.06993 0.00100 -0.0886700943 -0.0822425786 
10.07030 0.00100 -0.0887752270 -0.0823484528 
10.07067 0.00100 -0.0888748223 -0.0824487505 
10.07104 0.00100 -0.0889743473 -0.0825489775 
10.07141 0.00100 -0.0890738020 -0.0826491336 
10.07178 0.00100 -0.0891731553 -0.0827491877 
10.07218 0.00100 -0.0892805572 -0.0828573470 
10.07254 0.00100 -0.0893797092 -0.0829571983 
10.07291 0.00100 -0.0894788218 -0.0830570099 
10.07328 0.00100 -0.0895778326 -0.0831567191 
10.07365 0.00100 -0.0896767727 -0.0832563570 
10.07401 0.00100 -0.0897779156 -0.0833582133 
10.07438 0.00100 -0.0898833811 -0.0834644226 
10.07474 0.00100 -0.0899886855 -0.0835704696 
10.07511 0.00100 -0.0900939844 -0.0836765112 
10.07548 0.00100 -0.0901991219 -0.0837823903 
10.07584 0.00100 -0.0903041916 -0.0838882010 
10.07621 0.00100 -0.0904091933 -0.0839939433 
10.07657 0.00100 -0.0905141270 -0.0840996170 
10.07693 0.00100 -0.0906189302 -0.0842051594 
10.07730 0.00100 -0.0907236340 -0.0843106017 
10.07766 0.00100 -0.0908282696 -0.0844159753 
10.07802 0.00100 -0.0909328369 -0.0845212801 
10.07839 0.00100 -0.0910373046 -0.0846264846 
10.07875 0.00100 -0.0911416727 -0.0847315888 
10.07911 0.00100 -0.0912459723 -0.0848366240 
10.07947 0.00100 -0.0913501721 -0.0849415587 
10.07984 0.00100 -0.0914542719 -0.0850463928 
10.08020 0.00100 -0.0915583032 -0.0851511577 
10.08056 0.00100 -0.0916622344 -0.0852558219 
10.08092 0.00100 -0.0917660968 -0.0853604168 
10.08128 0.00100 -0.0918698903 -0.0854649424 
10.08164 0.00100 -0.0919735523 -0.0855693355 
10.08200 0.00100 -0.0920771766 -0.0856736907 
10.08236 0.00100 -0.0921806693 -0.0857779133 
10.08272 0.00100 -0.0922840927 -0.0858820662 
10.08308 0.00100 -0.0923874157 -0.0859861179 
10.08344 0.00100 -0.0924907007 -0.0860901314 
10.08379 0.00100 -0.0925938538 -0.0861940120 
10.08415 0.00100 -0.0926969688 -0.0862978543 
10.08451 0.00100 -0.0927999517 -0.0864015634 
10.08487 0.00100 -0.0929028651 -0.0865052027 
10.08523 0.00100 -0.0930056775 -0.0866087402 
10.08558 0.00100 -0.0931084516 -0.0867122392 
10.08594 0.00100 -0.0932110933 -0.0868156048 
10.08629 0.00100 -0.0933136653 -0.0869189002 
10.08668 0.00100 -0.0934245847 -0.0870306019 
10.08704 0.00100 -0.0935269875 -0.0871337269 
10.08739 0.00100 -0.0936292889 -0.0872367499 
10.08775 0.00100 -0.0937315204 -0.0873397024 
10.08810 0.00100 -0.0938336817 -0.0874425842 
10.08846 0.00100 -0.0939357729 -0.0875453955 
10.08881 0.00100 -0.0940377311 -0.0876480727 
10.08916 0.00100 -0.0941396189 -0.0877506792 
10.08952 0.00100 -0.0942414365 -0.0878532149 
10.08987 0.00100 -0.0943431836 -0.0879556796 
10.09022 0.00100 -0.0944448603 -0.0880580735 
10.09058 0.00100 -0.0945464351 -0.0881603646 
10.09093 0.00100 -0.0946479077 -0.0882625529 
10.09128 0.00100 -0.0947493098 -0.0883646702 
10.09163 0.00100 -0.0948506096 -0.0884666845 
10.09199 0.00100 -0.0949518702 -0.0885686592 
10.09234 0.00100 -0.0950530601 -0.0886705628 
10.09269 0.00100 -0.0951541159 -0.0887723314 
10.09304 0.00100 -0.0952551324 -0.0888740603 
10.09339 0.00100 -0.0953560149 -0.0889756543 
10.09374 0.00100 -0.0954568577 -0.0890772084 
10.09409 0.00100 -0.0955576295 -0.0891786909 
10.09444 0.00100 -0.0956582986 -0.0892800700 
10.09479 0.00100 -0.0957588649 -0.0893813455 
10.09514 0.00100 -0.0958593914 -0.0894825810 
10.09549 0.00100 -0.0959598150 -0.0895837129 
10.09584 0.00100 -0.0960601672 -0.0896847729 
10.09618 0.00100 -0.0961604163 -0.0897857291 
10.09653 0.00100 -0.0962606255 -0.0898866450 
10.09688 0.00100 -0.0963606999 -0.0899874252 
10.09723 0.00100 -0.0964607342 -0.0900881651 
10.09757 0.00100 -0.0965606969 -0.0901888328 
10.09792 0.00100 -0.0966605561 -0.0902893963 
10.09827 0.00100 -0.0967603435 -0.0903898875 
10.09861 0.00100 -0.0968600590 -0.0904903063 
10.09896 0.00100 -0.0969597026 -0.0905906527 
10.09931 0.00100 -0.0970592425 -0.0906908946 
10.09965 0.00100 -0.0971587104 -0.0907910640 
10.10000 0.00100 -0.0972580745 -0.0908911289 
10.10037 0.00100 -0.0973655439 -0.0909993563 
10.10072 0.00100 -0.0974647972 -0.0910993096 
10.10106 0.00100 -0.0975639463 -0.0911991581 
10.10140 0.00100 -0.0976629915 -0.0912989017 
10.10175 0.00100 -0.0977619959 -0.0913986045 
10.10209 0.00100 -0.0978608962 -0.0914982022 
10.10243 0.00100 -0.0979597556 -0.0915977589 
10.10278 0.00100 -0.0980585107 -0.0916972105 
10.10312 0.00100 -0.0981571932 -0.0917965890 
10.10346 0.00100 -0.0982557712 -0.0918958623 
10.10381 0.00100 -0.0983543083 -0.0919950943 
10.10415 0.00100 -0.0984527406 -0.0920942209 
10.10449 0.00100 -0.0985511002 -0.0921932742 
10.10483 0.00100 -0.0986494186 -0.0922922861 
10.10517 0.00100 -0.0987476322 -0.0923911924 
10.10551 0.00100 -0.0988457411 -0.0924899931 
10.10585 0.00100 -0.0989438085 -0.0925887523 
10.10619 0.00100 -0.0990418028 -0.0926874377 
10.10653 0.00100 -0.0991397240 -0.0927860495 
10.10687 0.00100 -0.0992375400 -0.0928845554 
10.10721 0.00100 -0.0993352827 -0.0929829874 
10.10755 0.00100 -0.0994329838 -0.0930813777 
10.10789 0.00100 -0.0995305797 -0.0931796619 
10.10823 0.00100 -0.0996281020 -0.0932778720 
10.10857 0.00100 -0.0997255509 -0.0933760081 
10.10891 0.00100 -0.0998228942 -0.0934740380 
10.10924 0.00100 -0.0999201957 -0.0935720258 
10.10958 0.00100 -0.1000174235 -0.0936699394 
10.10992 0.00100 -0.1001145776 -0.0937677786 
10.11026 0.00100 -0.1002116578 -0.0938655435 
10.11059 0.00100 -0.1003086003 -0.0939631698 
10.11093 0.00100 -0.1004055327 -0.0940607858 
10.11127 0.00100 -0.1005023911 -0.0941583273 
10.11160 0.00100 -0.1005991435 -0.0942557622 
10.11194 0.00100 -0.1006958538 -0.0943531545 
10.11228 0.00100 -0.1007924579 -0.0944504399 
10.11261 0.00100 -0.1008890198 -0.0945476829 
10.11295 0.00100 -0.1009855074 -0.0946448510 
10.11328 0.00100 -0.1010818887 -0.0947419121 
10.11362 0.00100 -0.1011781956 -0.0948388982 
10.11398 0.00100 -0.1012823285 -0.0949437655 
10.11431 0.00100 -0.1013784882 -0.0950406035 
10.11464 0.00100 -0.1014746054 -0.0951373986 
10.11498 0.00100 -0.1015706160 -0.0952340863 
10.11531 0.00100 -0.1016665519 -0.0953306989 
10.11564 0.00100 -0.1017624131 -0.0954272362 
10.11598 0.00100 -0.1018582316 -0.0955237305 
10.11631 0.00100 -0.1019539753 -0.0956201494 
10.11664 0.00100 -0.1020496120 -0.0957164606 
10.11697 0.00100 -0.1021451738 -0.0958126964 
10.11731 0.00100 -0.1022406926 -0.0959088890 
10.11764 0.00100 -0.1023362968 -0.0960051674 
10.11797 0.00100 -0.1024319222 -0.0961014672 
10.11830 0.00100 -0.1025275046 -0.0961977238 
10.11863 0.00100 -0.1026229478 -0.0962938401 
10.11896 0.00100 -0.1027181232 -0.0963896868 
10.11929 0.00100 -0.1028054233 -0.0964776026 
10.11962 0.00100 -0.1028926448 -0.0965654392 
10.11995 0.00100 -0.1029798196 -0.0966532289 
10.12028 0.00100 -0.1030669158 -0.0967409394 
10.12061 0.00100 -0.1031539653 -0.0968286028 
10.12094 0.00100 -0.1032409038 -0.0969161545 
10.12127 0.00100 -0.1033278277 -0.0970036915 
10.12160 0.00100 -0.1034146406 -0.0970911167 
10.12192 0.00100 -0.1035014066 -0.0971784946 
10.12225 0.00100 -0.1035881258 -0.0972658254 
10.12258 0.00100 -0.1036747660 -0.0973530766 
10.12291 0.00100 -0.1037691444 -0.0974481208 
10.12323 0.00100 -0.1038636401 -0.0975432829 
10.12356 0.00100 -0.1039581243 -0.0976384334 
10.12389 0.00100 -0.1040524682 -0.0977334428 
10.12422 0.00100 -0.1041467683 -0.0978284080 
10.12454 0.00100 -0.1042409603 -0.0979232643 
10.12487 0.00100 -0.1043351084 -0.0980180764 
10.12519 0.00100 -0.1044291804 -0.0981128119 
10.12552 0.00100 -0.1045232407 -0.0982075356 
10.12584 0.00100 -0.1046171604 -0.0983021177 
10.12617 0.00100 -0.1047110037 -0.0983966229 
10.12649 0.00100 -0.1048048353 -0.0984911163 
10.12682 0.00100 -0.1048985583 -0.0985855003 
10.12717 0.00100 -0.1049998833 -0.0986875399 
10.12749 0.00100 -0.1050934873 -0.0987818041 
10.12782 0.00100 -0.1051869825 -0.0988759587 
10.12814 0.00100 -0.1052804335 -0.0989700688 
10.12846 0.00100 -0.1053738401 -0.0990641342 
10.12879 0.00100 -0.1054671055 -0.0991580574 
10.12911 0.00100 -0.1055603588 -0.0992519683 
10.12943 0.00100 -0.1056535352 -0.0993458019 
10.12976 0.00100 -0.1057466025 -0.0994395257 
10.13008 0.00100 -0.1058396577 -0.0995332371 
10.13040 0.00100 -0.1059326035 -0.0996268385 
10.13072 0.00100 -0.1060254724 -0.0997203624 
10.13104 0.00100 -0.1061183289 -0.0998138738 
10.13136 0.00100 -0.1062110760 -0.0999072750 
10.13168 0.00100 -0.1063037784 -0.1000006312 
10.13201 0.00100 -0.1063963711 -0.1000938770 
10.13233 0.00100 -0.1064888867 -0.1001870451 
10.13265 0.00100 -0.1065813898 -0.1002802006 
10.13297 0.00100 -0.1066737831 -0.1003732455 
10.13329 0.00100 -0.1067661315 -0.1004662452 
10.13361 0.00100 -0.1068584348 -0.1005591995 
10.13392 0.00100 -0.1069506282 -0.1006520432 
10.13424 0.00100 -0.1070427441 -0.1007448088 
10.13456 0.00100 -0.1071348473 -0.1008375615 
10.13488 0.00100 -0.1072268404 -0.1009302035 
10.13520 0.00100 -0.1073187883 -0.1010227999 
10.13552 0.00100 -0.1074106584 -0.1011153180 
10.13584 0.00100 -0.1075024508 -0.1012077578 
10.13615 0.00100 -0.1075941978 -0.1013001518 
10.13647 0.00100 -0.1076858669 -0.1013924675 
10.13679 0.00100 -0.1077774581 -0.1014847047 
10.13711 0.00100 -0.1078690039 -0.1015768961 
10.13742 0.00100 -0.1079604716 -0.1016690089 
10.13774 0.00100 -0.1080518612 -0.1017610431 
10.13805 0.00100 -0.1081431727 -0.1018529986 
10.13837 0.00100 -0.1082344385 -0.1019449081 
10.13869 0.00100 -0.1083256586 -0.1020367716 
10.13900 0.00100 -0.1084168005 -0.1021285563 
10.13932 0.00100 -0.1085078640 -0.1022202621 
10.13963 0.00100 -0.1085988492 -0.1023118890 
10.13997 0.00100 -0.1086972402 -0.1024109739 
10.14029 0.00100 -0.1087881026 -0.1025024771 
10.14060 0.00100 -0.1088788865 -0.1025939014 
10.14092 0.00100 -0.1089696570 -0.1026853120 
10.14123 0.00100 -0.1090602837 -0.1027765779 
10.14154 0.00100 -0.1091508969 -0.1028678302 
10.14186 0.00100 -0.1092414640 -0.1029590360 
10.14217 0.00100 -0.1093319197 -0.1030501298 
10.14248 0.00100 -0.1094223293 -0.1031411770 
10.14280 0.00100 -0.1095126599 -0.1032321447 
10.14311 0.00100 -0.1096029444 -0.1033230659 
10.14342 0.00100 -0.1096931824 -0.1034139404 
10.14373 0.00100 -0.1097833089 -0.1035047025 
10.14405 0.00100 -0.1098733889 -0.1035954179 
10.14436 0.00100 -0.1099633899 -0.1036860536 
10.14467 0.00100 -0.1100533770 -0.1037766754 
10.14498 0.00100 -0.1101432523 -0.1038671845 
10.14529 0.00100 -0.1102330483 -0.1039576139 
10.14560 0.00100 -0.1103228304 -0.1040480292 
10.14591 0.00100 -0.1104125005 -0.1041383317 
10.14622 0.00100 -0.1105021239 -0.1042285872 
10.14653 0.00100 -0.1105917006 -0.1043187957 
10.14684 0.00100 -0.1106812305 -0.1044089570 
10.14715 0.00100 -0.1107706808 -0.1044990383 
10.14746 0.00100 -0.1108600517 -0.1045890394 
10.14777 0.00100 -0.1109493756 -0.1046789934 
10.14808 0.00100 -0.1110385872 -0.1047688341 
10.14839 0.00100 -0.1111277518 -0.1048586276 
10.14870 0.00100 -0.1112169020 -0.1049484066 
10.14901 0.00100 -0.1113059726 -0.1050381054 
10.14932 0.00100 -0.1113949632 -0.1051277237 
10.14962 0.00100 -0.1114839067 -0.1052172945 
10.14993 0.00100 -0.1115727376 -0.1053067519 
10.15024 0.00100 -0.1116615540 -0.1053961947 
10.15055 0.00100 -0.1117502904 -0.1054855569 
10.15085 0.00100 -0.1118390123 -0.1055749045 
10.15116 0.00100 -0.1119275884 -0.1056641054 
10.15147 0.00100 -0.1120161500 -0.1057532916 
10.15177 0.00100 -0.1121046314 -0.1058423971 
