7.00000 0.04000 1.0134975729 1.2323802819 
7.30103 0.04000 0.9237967796 1.0358230611 
7.47712 0.04000 0.8664976860 0.9493881266 
7.60206 0.04000 0.8240382311 0.8921911904 
7.69897 0.04000 0.7884608756 0.8447540198 
7.77815 0.04000 0.7607923826 0.8087481875 
7.84510 0.04000 0.7375418826 0.7812031914 
7.90309 0.04000 0.7178748657 0.7583368441 
7.95424 0.04000 0.7000418820 0.7383036942 
8.00000 0.04000 0.6837716257 0.7207870551 
8.04139 0.04000 0.6693126360 0.7051384565 
8.07918 0.04000 0.6562714013 0.6909532846 
8.11394 0.04000 0.6444183143 0.6779950027 
8.14613 0.04000 0.6337471792 0.6662554139 
8.17609 0.04000 0.6230776551 0.6553735880 
8.20412 0.04000 0.6131779210 0.6452768694 
8.23045 0.04000 0.6047126958 0.6358086073 
8.25527 0.04000 0.5959821444 0.6269088764 
8.27875 0.04000 0.5877236995 0.6184904005 
8.30103 0.04000 0.5800347844 0.6106524906 
8.32222 0.04000 0.5727245321 0.6032005812 
8.34242 0.04000 0.5657611846 0.5961022988 
8.36173 0.04000 0.5592916744 0.5895074234 
8.38021 0.04000 0.5530975571 0.5831932772 
8.39794 0.04000 0.5471563531 0.5771369454 
8.41497 0.04000 0.5415022555 0.5713732834 
8.43136 0.04000 0.5353868192 0.5659378835 
8.44716 0.04000 0.5302512717 0.5607001490 
8.46240 0.04000 0.5252959677 0.5556462446 
8.47712 0.04000 0.5197329141 0.5507637035 
8.49136 0.04000 0.5151053251 0.5460416258 
8.50515 0.04000 0.5106249207 0.5414697379 
8.51851 0.04000 0.5062824006 0.5370385496 
8.53148 0.04000 0.5013027515 0.5327396324 
8.54407 0.04000 0.4972140855 0.5285653508 
8.55630 0.04000 0.4932406317 0.5245086939 
8.56820 0.04000 0.4893720361 0.5205590910 
8.57978 0.04000 0.4856039004 0.5167120516 
8.59106 0.04000 0.4811767653 0.5129649227 
8.60206 0.04000 0.4776012684 0.5093126906 
8.61278 0.04000 0.4741140596 0.5057506414 
8.62325 0.04000 0.4707109111 0.5022744565 
8.63347 0.04000 0.4673878192 0.4988800463 
8.64345 0.04000 0.4641411240 0.4955636724 
8.65321 0.04000 0.4602695217 0.4923715613 
8.66276 0.04000 0.4572181667 0.4892531263 
8.67210 0.04000 0.4542324296 0.4862017519 
8.68124 0.04000 0.4513095277 0.4832145941 
8.69020 0.04000 0.4484469213 0.4802890571 
8.69897 0.04000 0.4456421585 0.4774226354 
8.70757 0.04000 0.4421552436 0.4746129575 
8.71600 0.04000 0.4394607596 0.4718578304 
8.72428 0.04000 0.4368176318 0.4691552153 
8.73239 0.04000 0.4342241638 0.4665033777 
8.74036 0.04000 0.4316849902 0.4639070565 
8.74819 0.04000 0.4284603403 0.4613573287 
8.75587 0.04000 0.4260139226 0.4588545708 
8.76343 0.04000 0.4236100537 0.4563953416 
8.77085 0.04000 0.4212472629 0.4539781364 
8.77815 0.04000 0.4189212349 0.4515985407 
8.78533 0.04000 0.4166365703 0.4492612611 
8.79239 0.04000 0.4136652119 0.4469619859 
8.79934 0.04000 0.4114547814 0.4446994921 
8.80618 0.04000 0.4092763836 0.4424697854 
8.81291 0.04000 0.4071345011 0.4402774540 
8.81954 0.04000 0.4050253563 0.4381186315 
8.82607 0.04000 0.4029478625 0.4359922054 
8.83251 0.04000 0.4001815816 0.4338949701 
8.83885 0.04000 0.3981671134 0.4318319978 
8.84510 0.04000 0.3961816301 0.4297987083 
8.85126 0.04000 0.3942242639 0.4277942129 
8.85733 0.04000 0.3915785814 0.4258152661 
8.86332 0.04000 0.3896762417 0.4238661236 
8.86923 0.04000 0.3870884242 0.4219434666 
8.87506 0.04000 0.3852380779 0.4200466245 
8.88081 0.04000 0.3827004854 0.4181725348 
8.88649 0.04000 0.3808994552 0.4163253006 
8.89209 0.04000 0.3791216350 0.4145018719 
8.89763 0.04000 0.3773664919 0.4127017020 
8.90309 0.04000 0.3756312045 0.4109218973 
8.90849 0.04000 0.3739196681 0.4091664528 
8.91381 0.04000 0.3722291189 0.4074325340 
8.91908 0.04000 0.3698558323 0.4057196144 
8.92428 0.04000 0.3682045213 0.4040250709 
8.92942 0.04000 0.3665748298 0.4023527129 
8.93450 0.04000 0.3649642258 0.4006999422 
8.93952 0.04000 0.3632933176 0.3989852884 
8.94448 0.04000 0.3616228199 0.3972710559 
8.94939 0.04000 0.3599733794 0.3955784320 
8.95424 0.04000 0.3583423360 0.3939046866 
8.95904 0.04000 0.3567293144 0.3922494350 
8.96379 0.04000 0.3550623366 0.3905388146 
8.96848 0.04000 0.3533549674 0.3887867453 
8.97313 0.04000 0.3516658453 0.3870534008 
8.97772 0.04000 0.3506876513 0.3853384376 
8.98227 0.04000 0.3490309071 0.3836391910 
8.98677 0.04000 0.3474415981 0.3820091096 
8.99123 0.04000 0.3460207246 0.3805517848 
8.99564 0.04000 0.3446142554 0.3791092338 
9.00000 0.04000 0.3432201503 0.3776793640 
9.00432 0.04000 0.3418412637 0.3762651032 
9.00860 0.04000 0.3404759287 0.3748647417 
9.01284 0.04000 0.3391239495 0.3734780785 
9.01703 0.04000 0.3377568821 0.3720759401 
9.02119 0.04000 0.3363899876 0.3706739791 
9.02531 0.04000 0.3350360503 0.3692853077 
9.02938 0.04000 0.3336948630 0.3679097133 
9.03342 0.04000 0.3323661701 0.3665469339 
9.03743 0.04000 0.3310497547 0.3651967469 
9.04139 0.04000 0.3290630809 0.3638588802 
9.04532 0.04000 0.3277519901 0.3625134642 
9.04922 0.04000 0.3264462254 0.3611735137 
9.05308 0.04000 0.3251520615 0.3598454677 
9.05690 0.04000 0.3245488682 0.3585290855 
9.06070 0.04000 0.3232766338 0.3572242129 
9.06446 0.04000 0.3220154228 0.3559306466 
9.06818 0.04000 0.3207650332 0.3546481793 
9.07188 0.04000 0.3195472284 0.3533991327 
9.07554 0.04000 0.3177086963 0.3522072299 
9.07918 0.04000 0.3165569109 0.3510252900 
9.08278 0.04000 0.3154146971 0.3498531722 
9.08636 0.04000 0.3142819147 0.3486907328 
9.08990 0.04000 0.3131583309 0.3475377328 
9.09342 0.04000 0.3120438453 0.3463940692 
9.09691 0.04000 0.3109383555 0.3452596369 
9.10037 0.04000 0.3098416201 0.3441341882 
9.10380 0.04000 0.3087787219 0.3430434625 
9.10721 0.04000 0.3077334412 0.3419708157 
9.11059 0.04000 0.3066962964 0.3409065177 
9.11394 0.04000 0.3049969550 0.3398504947 
9.11727 0.04000 0.3039762034 0.3388024811 
9.12057 0.04000 0.3029632693 0.3377624937 
9.12385 0.04000 0.3019579826 0.3367303581 
9.12710 0.04000 0.3009601709 0.3357058971 
9.13033 0.04000 0.2999698463 0.3346891231 
9.13353 0.04000 0.2989867863 0.3336798078 
9.13671 0.04000 0.2978215574 0.3324834582 
9.13987 0.04000 0.2966568723 0.3312876670 
9.14301 0.04000 0.2955005731 0.3301004856 
9.14613 0.04000 0.2943501839 0.3289193722 
9.14922 0.04000 0.2938746152 0.3277491560 
9.15229 0.04000 0.2927422569 0.3265871517 
9.15534 0.04000 0.2916178782 0.3254333360 
9.15836 0.04000 0.2905013119 0.3242875373 
9.16137 0.04000 0.2893983814 0.3231557312 
9.16435 0.04000 0.2884219553 0.3221537416 
9.16732 0.04000 0.2874521820 0.3211585790 
9.17026 0.04000 0.2864890160 0.3201701966 
9.17318 0.04000 0.2855323141 0.3191884476 
9.17609 0.04000 0.2845820281 0.3182132824 
9.17897 0.04000 0.2836380118 0.3172445511 
9.18184 0.04000 0.2827002632 0.3162822516 
9.18469 0.04000 0.2817686824 0.3153262814 
9.18752 0.04000 0.2808431191 0.3143764862 
9.19033 0.04000 0.2799235683 0.3134328609 
9.19312 0.04000 0.2790094839 0.3124948451 
9.19590 0.04000 0.2780705716 0.3115313514 
9.19865 0.04000 0.2771376164 0.3105739709 
9.20139 0.04000 0.2762105637 0.3096226472 
9.20412 0.04000 0.2752893576 0.3086773233 
9.20682 0.04000 0.2750280380 0.3077378389 
9.20951 0.04000 0.2741177375 0.3068041854 
9.21218 0.04000 0.2732130134 0.3058762513 
9.21484 0.04000 0.2723138555 0.3049540262 
9.21748 0.04000 0.2714201532 0.3040373967 
9.22010 0.04000 0.2705318446 0.3031262993 
9.22271 0.04000 0.2696488670 0.3022206697 
9.22530 0.04000 0.2687786225 0.3013280997 
9.22788 0.04000 0.2679355224 0.3004633706 
9.23044 0.04000 0.2670973747 0.2996037209 
9.23299 0.04000 0.2662641865 0.2987491580 
9.23552 0.04000 0.2654358127 0.2978995329 
9.23804 0.04000 0.2646122592 0.2970548518 
9.24054 0.04000 0.2637934553 0.2962150422 
9.24303 0.04000 0.2629793551 0.2953800568 
9.24551 0.04000 0.2621698605 0.2945497954 
9.24797 0.04000 0.2613649755 0.2937242617 
9.25041 0.04000 0.2605646264 0.2929033803 
9.25285 0.04000 0.2597687647 0.2920871014 
9.25527 0.04000 0.2583293422 0.2912732829 
9.25768 0.04000 0.2575427068 0.2904660528 
9.26007 0.04000 0.2569872808 0.2892342608 
9.26245 0.04000 0.2563284188 0.2878976970 
9.26482 0.04000 0.2556753199 0.2865684082 
9.26717 0.04000 0.2543849969 0.2852463397 
9.26951 0.04000 0.2537439003 0.2839313815 
9.27184 0.04000 0.2531083783 0.2826234757 
9.27416 0.04000 0.2524783565 0.2813225357 
9.27646 0.04000 0.2518538123 0.2800285273 
9.27875 0.04000 0.2511014923 0.2786052572 
9.28103 0.04000 0.2498970151 0.2773743013 
9.28330 0.04000 0.2493372183 0.2761497697 
9.28556 0.04000 0.2487955030 0.2749449491 
9.28780 0.04000 0.2476220463 0.2737469206 
9.29003 0.04000 0.2470796323 0.2725432286 
9.29225 0.04000 0.2465407781 0.2713443956 
9.29446 0.04000 0.2453713185 0.2701516662 
9.29666 0.04000 0.2448425652 0.2689649607 
9.29885 0.04000 0.2443184572 0.2677841977 
9.30103 0.04000 0.2437990047 0.2666093787 
9.30319 0.04000 0.2428167476 0.2656091077 
9.30535 0.04000 0.2418654216 0.2646403351 
9.30749 0.04000 0.2415509380 0.2636763365 
9.30963 0.04000 0.2406085166 0.2627171205 
9.31175 0.04000 0.2403018875 0.2617625818 
9.31386 0.04000 0.2393681331 0.2608126707 
9.31597 0.04000 0.2384389060 0.2598673655 
9.31806 0.04000 0.2381439065 0.2589265866 
9.32014 0.04000 0.2372231433 0.2579903680 
9.32222 0.04000 0.2369393500 0.2570624100 
9.32428 0.04000 0.2360384142 0.2561468175 
9.32633 0.04000 0.2351417455 0.2552355614 
9.32838 0.04000 0.2348735041 0.2543252717 
9.33041 0.04000 0.2340264343 0.2534648588 
9.33243 0.04000 0.2332565096 0.2526828062 
9.33445 0.04000 0.2324901043 0.2519043285 
9.33645 0.04000 0.2323531174 0.2511294473 
9.33845 0.04000 0.2315933721 0.2503581264 
9.34044 0.04000 0.2308370973 0.2495903288 
9.34242 0.04000 0.2300823872 0.2488241199 
9.34439 0.04000 0.2293329685 0.2480632829 
9.34635 0.04000 0.2285869956 0.2473059443 
9.34830 0.04000 0.2284679323 0.2465519780 
9.35025 0.04000 0.2277282180 0.2458013745 
9.35218 0.04000 0.2269917792 0.2450540947 
9.35411 0.04000 0.2262586640 0.2443101875 
9.35603 0.04000 0.2255287753 0.2435695542 
9.35793 0.04000 0.2248020442 0.2428321251 
9.35983 0.04000 0.2246999071 0.2420979778 
9.36173 0.04000 0.2239796196 0.2413674579 
9.36361 0.04000 0.2232950451 0.2406731583 
9.36549 0.04000 0.2226320226 0.2400007170 
9.36735 0.04000 0.2219718847 0.2393312012 
9.36921 0.04000 0.2213132616 0.2386632217 
9.37107 0.04000 0.2206558077 0.2379964280 
9.37291 0.04000 0.2200011554 0.2373324757 
9.37475 0.04000 0.2193492008 0.2366712595 
9.37657 0.04000 0.2193183920 0.2360129136 
9.37840 0.04000 0.2186716357 0.2353573021 
9.38021 0.04000 0.2180275608 0.2347044088 
9.38201 0.04000 0.2173861809 0.2340542473 
9.38381 0.04000 0.2167474201 0.2334067408 
9.38560 0.04000 0.2161113512 0.2327619630 
9.38739 0.04000 0.2154778681 0.2321198064 
9.38916 0.04000 0.2148469535 0.2314802536 
9.39093 0.04000 0.2142186203 0.2308433175 
9.39269 0.04000 0.2135928813 0.2302090110 
9.39445 0.04000 0.2129695985 0.2295771944 
9.39620 0.04000 0.2129636559 0.2289479716 
9.39794 0.04000 0.2123450688 0.2283212329 
9.39967 0.04000 0.2117428599 0.2277110881 
9.40140 0.04000 0.2111462858 0.2271066524 
9.40312 0.04000 0.2105513978 0.2265039251 
9.40483 0.04000 0.2099580219 0.2259027298 
9.40654 0.04000 0.2093669868 0.2253039060 
9.40824 0.04000 0.2087782728 0.2247074340 
9.40993 0.04000 0.2081917076 0.2241131391 
9.41162 0.04000 0.2076047967 0.2235184940 
9.41330 0.04000 0.2070201701 0.2229261632 
9.41497 0.04000 0.2064363068 0.2223346059 
9.41664 0.04000 0.2058561552 0.2217468091 
9.41830 0.04000 0.2052782267 0.2211612646 
9.41996 0.04000 0.2047025006 0.2205779517 
9.42160 0.04000 0.2041289560 0.2199968490 
9.42325 0.04000 0.2041676167 0.2194179665 
9.42488 0.04000 0.2035981144 0.2188412516 
9.42651 0.04000 0.2030307312 0.2182666827 
9.42813 0.04000 0.2024654766 0.2176942693 
9.42975 0.04000 0.2019023598 0.2171240209 
9.43136 0.04000 0.2013412663 0.2165558213 
9.43297 0.04000 0.2007822981 0.2159897740 
9.43457 0.04000 0.2002253711 0.2154257938 
9.43616 0.04000 0.1996747649 0.2148682143 
9.43775 0.04000 0.1991318155 0.2143183886 
9.43933 0.04000 0.1985908341 0.2137705559 
9.44091 0.04000 0.1980518291 0.2132247246 
9.44248 0.04000 0.1975148088 0.2126809032 
9.44404 0.04000 0.1969796561 0.2121389729 
9.44560 0.04000 0.1970607454 0.2116073064 
9.44716 0.04000 0.1965414880 0.2110817390 
9.44870 0.04000 0.1960241213 0.2105580853 
9.45025 0.04000 0.1955086214 0.2100363211 
9.45178 0.04000 0.1949949010 0.2095163581 
9.45332 0.04000 0.1944790159 0.2089942040 
9.45484 0.04000 0.1939643772 0.2084733114 
9.45636 0.04000 0.1934515287 0.2079542308 
9.45788 0.04000 0.1929404777 0.2074369696 
9.45939 0.04000 0.1924311995 0.2069215027 
9.46090 0.04000 0.1919237013 0.2064078374 
9.46240 0.04000 0.1914179263 0.2058959163 
9.46389 0.04000 0.1909138814 0.2053857463 
9.46538 0.04000 0.1904116053 0.2048773666 
9.46686 0.04000 0.1899110090 0.2043706871 
9.46834 0.04000 0.1894121631 0.2038657793 
9.46982 0.04000 0.1889149783 0.2033625527 
9.47129 0.04000 0.1884194931 0.2028610465 
9.47275 0.04000 0.1879256821 0.2023612347 
9.47421 0.04000 0.1874335194 0.2018630913 
9.47567 0.04000 0.1869516657 0.2013753822 
9.47712 0.04000 0.1864708485 0.2008887221 
9.47857 0.04000 0.1859928774 0.2004049428 
9.48001 0.04000 0.1855164393 0.1999227150 
9.48144 0.04000 0.1850416043 0.1994421099 
9.48287 0.04000 0.1845683461 0.1989631007 
9.48430 0.04000 0.1840966057 0.1984856277 
9.48572 0.04000 0.1836264210 0.1980097294 
9.48714 0.04000 0.1831577979 0.1975354116 
9.48855 0.04000 0.1826906444 0.1970625814 
9.48996 0.04000 0.1822184279 0.1965846265 
9.49136 0.04000 0.1817425322 0.1961029478 
9.49276 0.04000 0.1812681947 0.1956228462 
9.49415 0.04000 0.1807953557 0.1951442612 
9.49554 0.04000 0.1803240207 0.1946671987 
9.49693 0.04000 0.1804501172 0.1941901743 
9.49831 0.04000 0.1799799957 0.1937145807 
9.49969 0.04000 0.1795113922 0.1932405228 
9.50106 0.04000 0.1790442466 0.1927679398 
9.50243 0.04000 0.1785785642 0.1922968369 
9.50379 0.04000 0.1781143503 0.1918272197 
9.50515 0.04000 0.1776515772 0.1913590602 
9.50650 0.04000 0.1771902833 0.1908923969 
9.50785 0.04000 0.1767303747 0.1904271351 
9.50920 0.04000 0.1762719225 0.1899633467 
9.51054 0.04000 0.1758148657 0.1895009700 
9.51188 0.04000 0.1753592757 0.1890400770 
9.51322 0.04000 0.1749050249 0.1885805389 
9.51455 0.04000 0.1744562995 0.1881265904 
9.51587 0.04000 0.1740166385 0.1876818120 
9.51719 0.04000 0.1735783225 0.1872383940 
9.51851 0.04000 0.1731413559 0.1867963414 
9.51983 0.04000 0.1727056435 0.1863555574 
9.52114 0.04000 0.1722712896 0.1859161477 
9.52244 0.04000 0.1718382653 0.1854780831 
9.52374 0.04000 0.1714065083 0.1850413006 
9.52504 0.04000 0.1709760563 0.1846058383 
9.52634 0.04000 0.1705468801 0.1841716667 
9.52763 0.04000 0.1707111161 0.1837387562 
9.52891 0.04000 0.1702842886 0.1833071790 
9.53020 0.04000 0.1698586832 0.1828768374 
9.53148 0.04000 0.1694332611 0.1824466813 
9.53275 0.04000 0.1690101783 0.1820188905 
9.53403 0.04000 0.1685883300 0.1815923478 
9.53529 0.04000 0.1681902903 0.1811898788 
9.53656 0.04000 0.1677943465 0.1807895289 
9.53782 0.04000 0.1673995582 0.1803903474 
9.53908 0.04000 0.1670059629 0.1799923722 
9.54033 0.04000 0.1666244333 0.1796065969 
9.54158 0.04000 0.1662512062 0.1792292166 
9.54282 0.04000 0.1658790452 0.1788529142 
9.54407 0.04000 0.1655079533 0.1784776928 
9.54531 0.04000 0.1651378996 0.1781035212 
9.54654 0.04000 0.1647689210 0.1777304366 
9.54777 0.04000 0.1644010207 0.1773584423 
9.54900 0.04000 0.1640340994 0.1769874379 
9.55023 0.04000 0.1636682622 0.1766175297 
9.55145 0.04000 0.1633034098 0.1762486172 
9.55267 0.04000 0.1629396133 0.1758807724 
9.55388 0.04000 0.1625768072 0.1755139290 
9.55509 0.04000 0.1622150286 0.1751481245 
9.55630 0.04000 0.1618542803 0.1747833618 
9.55751 0.04000 0.1614937427 0.1744188121 
9.55871 0.04000 0.1605377318 0.1740460152 
9.55990 0.04000 0.1601702113 0.1736742168 
9.56110 0.04000 0.1592167697 0.1733034545 
9.56229 0.04000 0.1588514512 0.1729336966 
9.56348 0.04000 0.1579005863 0.1725649807 
9.56466 0.04000 0.1575374446 0.1721972400 
9.56585 0.04000 0.1606925879 0.1718305470 
9.56702 0.04000 0.1562281393 0.1714648000 
9.56820 0.04000 0.1593832123 0.1711000714 
9.56937 0.04000 0.1549234478 0.1707362942 
9.57054 0.04000 0.1580784367 0.1703735060 
9.57171 0.04000 0.1536233514 0.1700117095 
9.57287 0.04000 0.1573633946 0.1696508725 
9.57403 0.04000 0.1523277965 0.1692909976 
9.57519 0.04000 0.1560674020 0.1689320873 
9.57634 0.04000 0.1510367290 0.1685741093 
9.57749 0.04000 0.1547758840 0.1682171013 
9.57864 0.04000 0.1497501293 0.1678610307 
9.57978 0.04000 0.1540719957 0.1675050199 
9.58092 0.04000 0.1484670412 0.1671507958 
9.58206 0.04000 0.1527889422 0.1667975167 
9.58320 0.04000 0.1471892116 0.1664451851 
9.58433 0.04000 0.1467353123 0.1659836670 
9.58546 0.04000 0.1515233349 0.1655165299 
9.58659 0.04000 0.1510932435 0.1650812120 
9.58771 0.04000 0.1501004369 0.1646660453 
9.58883 0.04000 0.1496915762 0.1642520065 
9.58995 0.04000 0.1492837277 0.1638389927 
9.59106 0.04000 0.1488769297 0.1634270428 
9.59218 0.04000 0.1484711855 0.1630161600 
9.59329 0.04000 0.1474848344 0.1626062767 
9.59439 0.04000 0.1470813773 0.1621975029 
9.59550 0.04000 0.1466789132 0.1617897351 
9.59660 0.04000 0.1462774803 0.1613830123 
9.59769 0.04000 0.1458770469 0.1609773019 
9.59879 0.04000 0.1454776511 0.1605726430 
9.59988 0.04000 0.1450619806 0.1601514947 
9.60097 0.04000 0.1440382439 0.1597020535 
9.60206 0.04000 0.1435959712 0.1592537254 
9.60314 0.04000 0.1431548359 0.1588065502 
9.60422 0.04000 0.1427148065 0.1583604960 
9.60530 0.04000 0.1422758513 0.1579155308 
9.60638 0.04000 0.1418380096 0.1574716943 
9.60745 0.04000 0.1414012143 0.1570289185 
9.60852 0.04000 0.1409655401 0.1565872792 
9.60959 0.04000 0.1405308840 0.1561466719 
9.61066 0.04000 0.1400973209 0.1557071727 
9.61172 0.04000 0.1396648189 0.1552687490 
9.61278 0.04000 0.1392333816 0.1548314046 
9.61384 0.04000 0.1388029770 0.1543951070 
9.61490 0.04000 0.1383736085 0.1539598597 
9.61595 0.04000 0.1379453155 0.1535257027 
9.61700 0.04000 0.1375180658 0.1530926033 
9.61805 0.04000 0.1370917912 0.1526604922 
9.61909 0.04000 0.1366666028 0.1522294823 
9.62013 0.04000 0.1362423963 0.1517994677 
9.62117 0.04000 0.1358192111 0.1513704883 
9.62221 0.04000 0.1354271388 0.1509730479 
9.62325 0.04000 0.1350428679 0.1505835157 
9.62428 0.04000 0.1346605650 0.1501959785 
9.62531 0.04000 0.1342791506 0.1498093418 
9.62634 0.04000 0.1338985910 0.1494235718 
9.62737 0.04000 0.1340938045 0.1490387811 
9.62839 0.04000 0.1337148793 0.1486548625 
9.62941 0.04000 0.1339112405 0.1482718185 
9.63043 0.04000 0.1335339260 0.1478897255 
9.63144 0.04000 0.1337315218 0.1475085124 
9.63246 0.04000 0.1333557576 0.1471281820 
9.63347 0.04000 0.1329808316 0.1467486999 
9.63448 0.04000 0.1326068191 0.1463701425 
9.63548 0.04000 0.1322370854 0.1459959158 
9.63649 0.04000 0.1295899024 0.1456368417 
9.63749 0.04000 0.1315283274 0.1452785450 
9.63849 0.04000 0.1311751759 0.1449211021 
9.63949 0.04000 0.1308228335 0.1445644781 
9.64048 0.04000 0.1298988753 0.1442086382 
9.64147 0.04000 0.1295483355 0.1438536589 
9.64246 0.04000 0.1291985743 0.1434994681 
9.64345 0.04000 0.1288496308 0.1431461053 
9.64444 0.04000 0.1285014334 0.1427934982 
9.64542 0.04000 0.1287255646 0.1424417234 
9.64640 0.04000 0.1283788009 0.1420907459 
9.64738 0.04000 0.1280327902 0.1417405304 
9.64836 0.04000 0.1276875713 0.1413911165 
9.64933 0.04000 0.1273431465 0.1410425063 
9.65031 0.04000 0.1269994810 0.1406946645 
9.65128 0.04000 0.1266565766 0.1403475932 
9.65224 0.04000 0.1263144355 0.1400012945 
9.65321 0.04000 0.1259730969 0.1396558079 
9.65417 0.04000 0.1256324515 0.1393110230 
9.65514 0.04000 0.1252926125 0.1389670544 
9.65610 0.04000 0.1249535079 0.1386238290 
9.65705 0.04000 0.1246151395 0.1382813488 
9.65801 0.04000 0.1242774721 0.1379395780 
9.65896 0.04000 0.1245097031 0.1375986319 
9.65991 0.04000 0.1241734223 0.1372584369 
9.66086 0.04000 0.1238378487 0.1369189572 
9.66181 0.04000 0.1235029841 0.1365801949 
9.66276 0.04000 0.1231680076 0.1362413194 
9.66370 0.04000 0.1233864387 0.1358874512 
9.66464 0.04000 0.1230143679 0.1355112399 
9.66558 0.04000 0.1226430622 0.1351358024 
9.66652 0.04000 0.1222726367 0.1347612548 
9.66745 0.04000 0.1219256008 0.1344103571 
9.66839 0.04000 0.1221613611 0.1340751065 
9.66932 0.04000 0.1218303174 0.1337405483 
9.67025 0.04000 0.1214999982 0.1334067221 
9.67117 0.04000 0.1211703675 0.1330735919 
9.67210 0.04000 0.1208414650 0.1327411975 
9.67302 0.04000 0.1205132548 0.1324095027 
9.67394 0.04000 0.1201857007 0.1320784710 
9.67486 0.04000 0.1204250373 0.1317481807 
9.67578 0.04000 0.1201156018 0.1314356180 
9.67669 0.04000 0.1198247779 0.1311418550 
9.67761 0.04000 0.1195344775 0.1308486208 
9.67852 0.04000 0.1192448538 0.1305560701 
9.67943 0.04000 0.1189557944 0.1302640894 
9.68033 0.04000 0.1186673383 0.1299727182 
9.68124 0.04000 0.1183795252 0.1296819964 
9.68214 0.04000 0.1180922802 0.1293918484 
9.68305 0.04000 0.1178056046 0.1291022757 
9.68395 0.04000 0.1175195760 0.1288133564 
9.68484 0.04000 0.1172341194 0.1285250150 
9.68574 0.04000 0.1169492362 0.1282372527 
9.68663 0.04000 0.1166650039 0.1279501480 
9.68753 0.04000 0.1163812713 0.1276635479 
9.68842 0.04000 0.1160981539 0.1273775693 
9.68931 0.04000 0.1158156533 0.1270922138 
9.69019 0.04000 0.1155336559 0.1268073664 
9.69108 0.04000 0.1152522778 0.1265231446 
9.69196 0.04000 0.1155348833 0.1262395109 
9.69285 0.04000 0.1152544909 0.1259564279 
9.69373 0.04000 0.1132853280 0.1256739356 
9.69460 0.04000 0.1130064916 0.1253919963 
9.69548 0.04000 0.1127282418 0.1251106501 
9.69635 0.04000 0.1124505030 0.1248298207 
9.69723 0.04000 0.1127359093 0.1245495868 
9.69810 0.04000 0.1124592099 0.1242699498 
9.69897 0.04000 0.1121823323 0.1239901326 
9.69984 0.04000 0.1119067402 0.1237116146 
9.70070 0.04000 0.1116316268 0.1234335803 
9.70157 0.04000 0.1113571087 0.1231561477 
9.70243 0.04000 0.1110831485 0.1228792790 
9.70329 0.04000 0.1108097089 0.1226029364 
9.70415 0.04000 0.1105367910 0.1223271209 
9.70501 0.04000 0.1102644732 0.1220519120 
9.70586 0.04000 0.1099926406 0.1217771934 
9.70672 0.04000 0.1097213330 0.1215030054 
9.70757 0.04000 0.1100114855 0.1212293883 
9.70842 0.04000 0.1097411335 0.1209563041 
9.70927 0.04000 0.1094712713 0.1206837146 
9.71012 0.04000 0.1092019776 0.1204116994 
9.71096 0.04000 0.1089332147 0.1201402205 
9.71181 0.04000 0.1086352695 0.1198392641 
9.71265 0.04000 0.1083361446 0.1195371162 
9.71349 0.04000 0.1080375514 0.1192355054 
9.71433 0.04000 0.1077396082 0.1189345512 
9.71517 0.04000 0.1080017963 0.1186341368 
9.71600 0.04000 0.1077048123 0.1183343030 
9.71684 0.04000 0.1074084437 0.1180350904 
9.71767 0.04000 0.1071126138 0.1177364217 
9.71850 0.04000 0.1068173237 0.1174382980 
9.71933 0.04000 0.1065231621 0.1171413136 
9.72016 0.04000 0.1062746414 0.1168904081 
9.72098 0.04000 0.1060265650 0.1166399513 
9.72181 0.04000 0.1057950549 0.1164062195 
9.72263 0.04000 0.1055743690 0.1161834160 
9.72345 0.04000 0.1053540803 0.1159610134 
9.72427 0.04000 0.1051342287 0.1157390521 
9.72509 0.04000 0.1049147756 0.1155174931 
9.72591 0.04000 0.1046957610 0.1152963769 
9.72673 0.04000 0.1044771463 0.1150756644 
9.72754 0.04000 0.1042589322 0.1148553563 
9.72835 0.04000 0.1040411193 0.1146354533 
9.72916 0.04000 0.1038237083 0.1144159560 
9.72997 0.04000 0.1041641559 0.1141969448 
9.73078 0.04000 0.1039474414 0.1139782611 
9.73159 0.04000 0.1037311309 0.1137599852 
9.73239 0.04000 0.1035147116 0.1135415995 
9.73320 0.04000 0.1032992111 0.1133241409 
9.73400 0.04000 0.1030841167 0.1131070920 
9.73480 0.04000 0.1028694290 0.1128904536 
9.73560 0.04000 0.1026551487 0.1126742263 
9.73640 0.04000 0.1024411973 0.1124583308 
9.73719 0.04000 0.1022277338 0.1122429278 
9.73799 0.04000 0.1020145608 0.1120278178 
9.73878 0.04000 0.1018018373 0.1118131614 
9.73957 0.04000 0.1015894849 0.1115988795 
9.74036 0.04000 0.1013775437 0.1113850125 
9.74115 0.04000 0.1011659747 0.1111715211 
9.74194 0.04000 0.1009547784 0.1109584059 
9.74272 0.04000 0.1007439557 0.1107456675 
9.74351 0.04000 0.1005335466 0.1105333467 
9.74429 0.04000 0.1003234725 0.1103213637 
9.74507 0.04000 0.1001138133 0.1101097995 
9.74585 0.04000 0.0999045300 0.1098986146 
9.74663 0.04000 0.0996956231 0.1096878095 
9.74741 0.04000 0.0994870534 0.1094773447 
9.74819 0.04000 0.0992788613 0.1092672608 
9.74896 0.04000 0.0990710873 0.1090575989 
9.74974 0.04000 0.0988636522 0.1088482790 
9.75051 0.04000 0.0986565964 0.1086393419 
9.75128 0.04000 0.0984498807 0.1084307479 
9.75205 0.04000 0.0982435855 0.1082225782 
9.75282 0.04000 0.0980376315 0.1080147528 
9.75358 0.04000 0.0978320191 0.1078072722 
9.75435 0.04000 0.0976267891 0.1076001774 
9.75511 0.04000 0.0974219018 0.1073934284 
9.75587 0.04000 0.0972173579 0.1071870260 
9.75663 0.04000 0.0970131980 0.1069810110 
9.75739 0.04000 0.0968094227 0.1067753841 
9.75815 0.04000 0.0966059924 0.1065701054 
9.75891 0.04000 0.0969563670 0.1063651754 
9.75967 0.04000 0.0967534858 0.1061605541 
9.76042 0.04000 0.0965509916 0.1059563230 
9.76117 0.04000 0.0963488850 0.1057524829 
9.76193 0.04000 0.0961470861 0.1055489531 
9.76268 0.04000 0.0959456758 0.1053458153 
9.76343 0.04000 0.0957440505 0.1051424606 
9.76418 0.04000 0.0955433384 0.1049400270 
9.76492 0.04000 0.0953429361 0.1047379058 
9.76567 0.04000 0.0945902997 0.1045360975 
9.76641 0.04000 0.0943907401 0.1043347247 
9.76716 0.04000 0.0941914513 0.1041336250 
9.76790 0.04000 0.0939925144 0.1039328805 
9.76864 0.04000 0.0937943340 0.1037328993 
9.76938 0.04000 0.0935967090 0.1035334787 
9.77011 0.04000 0.0933994381 0.1033344153 
9.77085 0.04000 0.0932024814 0.1031356690 
9.77159 0.04000 0.0930058798 0.1029372810 
9.77232 0.04000 0.0928095932 0.1027392110 
9.77305 0.04000 0.0926136629 0.1025415003 
9.77379 0.04000 0.0924180081 0.1023440677 
9.77452 0.04000 0.0922227508 0.1021470363 
9.77525 0.04000 0.0920278108 0.1019503250 
9.77597 0.04000 0.0918331476 0.1017538930 
9.77670 0.04000 0.0916388431 0.1015578230 
9.77743 0.04000 0.0914448571 0.1013620744 
9.77815 0.04000 0.0912511900 0.1011666476 
9.77887 0.04000 0.0910578424 0.1009715431 
9.77960 0.04000 0.0908647333 0.1007766794 
9.78032 0.04000 0.0906719038 0.1005820978 
9.78104 0.04000 0.0904793544 0.1003877988 
9.78175 0.04000 0.0902872076 0.1001939061 
9.78247 0.04000 0.0900953417 0.1000002969 
9.78319 0.04000 0.0899037980 0.0998070127 
9.78390 0.04000 0.0897108230 0.0996122843 
9.78462 0.04000 0.0895055595 0.0994051557 
9.78533 0.04000 0.0893006472 0.0991983815 
9.78604 0.04000 0.0890960458 0.0989919210 
9.78675 0.04000 0.0888917557 0.0987857747 
9.78746 0.04000 0.0886878593 0.0985800256 
9.78817 0.04000 0.0884842343 0.0983745504 
9.78887 0.04000 0.0882809632 0.0981694324 
9.78958 0.04000 0.0880780464 0.0979646718 
9.79028 0.04000 0.0878754436 0.0977602280 
9.79099 0.04000 0.0876731552 0.0975561015 
9.79169 0.04000 0.0874712226 0.0973523342 
9.79239 0.04000 0.0872690723 0.0971483470 
9.79309 0.04000 0.0870677708 0.0969452165 
9.79379 0.04000 0.0868668269 0.0967424467 
9.79449 0.04000 0.0866661588 0.0965399552 
9.79518 0.04000 0.0864658080 0.0963377841 
9.79588 0.04000 0.0862658163 0.0961359751 
9.79657 0.04000 0.0860661018 0.0959344460 
9.79727 0.04000 0.0858667473 0.0957332801 
9.79796 0.04000 0.0856676710 0.0955323950 
9.79865 0.04000 0.0854689558 0.0953318741 
9.79934 0.04000 0.0852705608 0.0951316765 
9.80003 0.04000 0.0850724042 0.0949317194 
9.80072 0.04000 0.0848746101 0.0947321280 
9.80140 0.04000 0.0846771378 0.0945328614 
9.80209 0.04000 0.0844799877 0.0943339199 
9.80277 0.04000 0.0842831190 0.0941352624 
9.80346 0.04000 0.0840865735 0.0939369310 
9.80414 0.04000 0.0838903516 0.0937389262 
9.80482 0.04000 0.0836944125 0.0935412068 
9.80550 0.04000 0.0834987980 0.0933438149 
9.80618 0.04000 0.0833034672 0.0931467092 
9.80686 0.04000 0.0831084619 0.0929499320 
9.80753 0.04000 0.0829137411 0.0927534419 
9.80821 0.04000 0.0827193468 0.0925572813 
9.80888 0.04000 0.0825251964 0.0923613668 
9.80956 0.04000 0.0823314149 0.0921658245 
9.81023 0.04000 0.0821379197 0.0919705712 
9.81090 0.04000 0.0819447113 0.0917756072 
9.81157 0.04000 0.0817517901 0.0915809330 
9.81224 0.04000 0.0815591980 0.0913865910 
9.81291 0.04000 0.0813668940 0.0911925397 
9.81358 0.04000 0.0811748786 0.0909987796 
9.81425 0.04000 0.0809831520 0.0908053109 
9.81491 0.04000 0.0807917148 0.0906121342 
9.81558 0.04000 0.0806006091 0.0904192920 
9.81624 0.04000 0.0804097519 0.0902267006 
9.81690 0.04000 0.0802191853 0.0900344025 
9.81756 0.04000 0.0800289097 0.0898423980 
9.81822 0.04000 0.0798389674 0.0896507298 
9.81888 0.04000 0.0796492752 0.0894593141 
9.81954 0.04000 0.0794593741 0.0892676874 
9.82020 0.04000 0.0792703086 0.0890769040 
9.82086 0.04000 0.0790814526 0.0888863320 
9.82151 0.04000 0.0794375524 0.0886960985 
9.82217 0.04000 0.0792492308 0.0885061616 
9.82282 0.04000 0.0790611619 0.0883164796 
9.82347 0.04000 0.0788733879 0.0881270951 
9.82413 0.04000 0.0786858674 0.0879379662 
9.82478 0.04000 0.0784986427 0.0877491356 
9.82543 0.04000 0.0783117142 0.0875606038 
9.82607 0.04000 0.0781325961 0.0873799494 
9.82672 0.04000 0.0779582748 0.0872041328 
9.82737 0.04000 0.0777841769 0.0870285417 
9.82801 0.04000 0.0776103869 0.0868532610 
9.82866 0.04000 0.0774368210 0.0866782064 
9.82930 0.04000 0.0772635215 0.0865034206 
9.82995 0.04000 0.0770904890 0.0863289039 
9.83059 0.04000 0.0769177237 0.0861546567 
9.83123 0.04000 0.0767451416 0.0859805944 
9.83187 0.04000 0.0765728696 0.0858068447 
9.83251 0.04000 0.0764008657 0.0856333656 
9.83315 0.04000 0.0756860867 0.0854601148 
9.83378 0.04000 0.0755146647 0.0852871352 
9.83442 0.04000 0.0753434696 0.0851143845 
9.83506 0.04000 0.0751671855 0.0849364987 
9.83569 0.04000 0.0749854686 0.0847531306 
9.83632 0.04000 0.0748040550 0.0845700687 
9.83696 0.04000 0.0746229029 0.0843872705 
9.83759 0.04000 0.0744419703 0.0842046939 
9.83822 0.04000 0.0742612999 0.0840223819 
9.83885 0.04000 0.0740809343 0.0838403774 
9.83948 0.04000 0.0739007893 0.0836585955 
9.84010 0.04000 0.0737209922 0.0834771647 
9.84073 0.04000 0.0735413316 0.0832958718 
9.84136 0.04000 0.0733620198 0.0831149306 
9.84198 0.04000 0.0731829300 0.0829342135 
9.84261 0.04000 0.0730041048 0.0827537635 
9.84323 0.04000 0.0728255446 0.0825735809 
9.84385 0.04000 0.0726472499 0.0823936661 
9.84448 0.04000 0.0724691360 0.0822139338 
9.84510 0.04000 0.0722909059 0.0820340843 
9.84572 0.04000 0.0721133669 0.0818549320 
9.84634 0.04000 0.0719339266 0.0816738613 
9.84696 0.04000 0.0717417805 0.0814799693 
9.84757 0.04000 0.0715498890 0.0812863342 
9.84819 0.04000 0.0713582950 0.0810929993 
9.84880 0.04000 0.0711669563 0.0808999221 
9.84942 0.04000 0.0709759160 0.0807071460 
9.85003 0.04000 0.0707850892 0.0805145853 
9.85065 0.04000 0.0705945616 0.0803223264 
9.85126 0.04000 0.0704043336 0.0801303699 
9.85187 0.04000 0.0702143628 0.0799386730 
9.85248 0.04000 0.0700246071 0.0797471931 
9.85309 0.04000 0.0698351948 0.0795560598 
9.85370 0.04000 0.0696459983 0.0793651442 
9.85431 0.04000 0.0694570606 0.0791744897 
9.85491 0.04000 0.0692684249 0.0789841401 
9.85552 0.04000 0.0690800061 0.0787940092 
9.85612 0.04000 0.0688918901 0.0786041839 
9.85673 0.04000 0.0687040344 0.0784146213 
9.85733 0.04000 0.0685163966 0.0782252786 
9.85793 0.04000 0.0683290628 0.0780362426 
9.85854 0.04000 0.0681419905 0.0778474705 
9.85914 0.04000 0.0679551802 0.0776589627 
9.85974 0.04000 0.0677685891 0.0774706762 
9.86034 0.04000 0.0675822607 0.0772826548 
9.86094 0.04000 0.0673962381 0.0770949420 
9.86153 0.04000 0.0672103931 0.0769074083 
9.86213 0.04000 0.0670248547 0.0767201841 
9.86273 0.04000 0.0668395805 0.0765332263 
9.86332 0.04000 0.0666545277 0.0763464921 
9.86392 0.04000 0.0664697397 0.0761600251 
9.86451 0.04000 0.0662851738 0.0759737822 
9.86510 0.04000 0.0661009597 0.0757878942 
9.86569 0.04000 0.0659169253 0.0756021877 
9.86629 0.04000 0.0657331141 0.0754167063 
9.86688 0.04000 0.0655496127 0.0752315375 
9.86747 0.04000 0.0653663351 0.0750465946 
9.86805 0.04000 0.0651832818 0.0748618780 
9.86864 0.04000 0.0650004961 0.0746774315 
9.86923 0.04000 0.0648175032 0.0744927758 
9.86982 0.04000 0.0646352106 0.0743088269 
9.87040 0.04000 0.0644531869 0.0741251492 
9.87099 0.04000 0.0642713891 0.0739416995 
9.87157 0.04000 0.0640898174 0.0737584781 
9.87216 0.04000 0.0639085157 0.0735755289 
9.87274 0.04000 0.0637274408 0.0733928088 
9.87332 0.04000 0.0635466365 0.0732103616 
9.87390 0.04000 0.0633660597 0.0730281440 
9.87448 0.04000 0.0631857108 0.0728461565 
9.87506 0.04000 0.0630055902 0.0726643992 
9.87564 0.04000 0.0628257849 0.0724829601 
9.87622 0.04000 0.0626461651 0.0723017082 
9.87679 0.04000 0.0624667744 0.0721206876 
9.87737 0.04000 0.0622876133 0.0719398985 
9.87795 0.04000 0.0621086820 0.0717593414 
9.87852 0.04000 0.0619300243 0.0715790604 
9.87910 0.04000 0.0617515972 0.0713990120 
9.87967 0.04000 0.0615734009 0.0712191965 
9.88024 0.04000 0.0603174193 0.0710331082 
9.88081 0.04000 0.0601206614 0.0708343619 
9.88138 0.04000 0.0599241184 0.0706358326 
9.88195 0.04000 0.0597278341 0.0704375646 
9.88252 0.04000 0.0595317654 0.0702395144 
9.88309 0.04000 0.0593359998 0.0700417704 
9.88366 0.04000 0.0596756839 0.0698442890 
9.88423 0.04000 0.0594803399 0.0696470705 
9.88479 0.04000 0.0592852131 0.0694500712 
9.88536 0.04000 0.0590903913 0.0692533799 
9.88593 0.04000 0.0588957873 0.0690569085 
9.88649 0.04000 0.0587014454 0.0688607016 
9.88705 0.04000 0.0585171288 0.0686746164 
9.88762 0.04000 0.0583425877 0.0684984004 
9.88818 0.04000 0.0581681949 0.0683223341 
9.88874 0.04000 0.0579940820 0.0681465505 
9.88930 0.04000 0.0578201617 0.0679709612 
9.88986 0.04000 0.0581806430 0.0677956110 
9.89042 0.04000 0.0580071528 0.0676205444 
9.89098 0.04000 0.0578338123 0.0674456289 
9.89154 0.04000 0.0576607535 0.0672709976 
9.89209 0.04000 0.0574874052 0.0670960742 
9.89265 0.04000 0.0573147348 0.0669218348 
9.89321 0.04000 0.0571423030 0.0667478363 
9.89376 0.04000 0.0569700662 0.0665740345 
9.89432 0.04000 0.0567981127 0.0664005186 
9.89487 0.04000 0.0566263107 0.0662271555 
9.89542 0.04000 0.0564547926 0.0660540789 
9.89597 0.04000 0.0562834706 0.0658812003 
9.89653 0.04000 0.0561123451 0.0657085199 
9.89708 0.04000 0.0559414162 0.0655360379 
9.89763 0.04000 0.0557707284 0.0653637991 
9.89818 0.04000 0.0561331442 0.0651918038 
9.89872 0.04000 0.0559627650 0.0650199633 
9.89927 0.04000 0.0557926721 0.0648484115 
9.89982 0.04000 0.0556227332 0.0646770150 
9.90037 0.04000 0.0554530369 0.0645058631 
9.90091 0.04000 0.0552835392 0.0643349117 
9.90146 0.04000 0.0551143291 0.0641642502 
9.90200 0.04000 0.0549452296 0.0639937003 
9.90255 0.04000 0.0547764183 0.0638234410 
9.90309 0.04000 0.0546077624 0.0636533386 
9.90363 0.04000 0.0544393509 0.0634834825 
9.90417 0.04000 0.0542711397 0.0633138285 
9.90471 0.04000 0.0541030846 0.0631443321 
9.90526 0.04000 0.0539353192 0.0629751277 
9.90580 0.04000 0.0537677105 0.0628060814 
9.90633 0.04000 0.0541380674 0.0626434679 
9.90687 0.04000 0.0540009337 0.0625052277 
9.90741 0.04000 0.0538640232 0.0623672125 
9.90795 0.04000 0.0537272917 0.0622293778 
9.90848 0.04000 0.0535906949 0.0620916788 
9.90902 0.04000 0.0534542773 0.0619541606 
9.90955 0.04000 0.0533180393 0.0618168233 
9.91009 0.04000 0.0531819364 0.0616796223 
9.91062 0.04000 0.0530460580 0.0615426475 
9.91116 0.04000 0.0529102704 0.0614057643 
9.91169 0.04000 0.0527747076 0.0612691077 
9.91222 0.04000 0.0526392806 0.0611325880 
9.91275 0.04000 0.0525040342 0.0609962503 
9.91328 0.04000 0.0523689685 0.0608600948 
9.91381 0.04000 0.0522336818 0.0607237165 
9.91434 0.04000 0.0520989333 0.0605878809 
9.91487 0.04000 0.0519643214 0.0604521828 
9.91540 0.04000 0.0518299356 0.0603167127 
9.91593 0.04000 0.0516956421 0.0601813356 
9.91645 0.04000 0.0515615750 0.0600461868 
9.91698 0.04000 0.0514276004 0.0599111312 
9.91751 0.04000 0.0512938526 0.0597763043 
9.91803 0.04000 0.0511602424 0.0596416160 
9.91855 0.04000 0.0510267698 0.0595070665 
9.91908 0.04000 0.0508934799 0.0593727011 
9.91960 0.04000 0.0507603279 0.0592384748 
9.92012 0.04000 0.0506274038 0.0591044781 
9.92064 0.04000 0.0504945731 0.0589705757 
9.92117 0.04000 0.0503619257 0.0588368580 
9.92169 0.04000 0.0502294168 0.0587032800 
9.92221 0.04000 0.0500970916 0.0585698871 
9.92272 0.04000 0.0499649503 0.0584366796 
9.92324 0.04000 0.0498329031 0.0583035669 
9.92376 0.04000 0.0497010400 0.0581706399 
9.92428 0.04000 0.0495693612 0.0580378986 
9.92480 0.04000 0.0494377769 0.0579052527 
9.92531 0.04000 0.0493064223 0.0577728382 
9.92583 0.04000 0.0491751625 0.0576405193 
9.92634 0.04000 0.0490440426 0.0575083415 
9.92686 0.04000 0.0489131528 0.0573763956 
9.92737 0.04000 0.0487824034 0.0572445912 
9.92788 0.04000 0.0486517943 0.0571129283 
9.92839 0.04000 0.0485213258 0.0569814071 
9.92891 0.04000 0.0483910431 0.0568500732 
9.92942 0.04000 0.0482608562 0.0567188358 
9.92993 0.04000 0.0481308553 0.0565877860 
9.93044 0.04000 0.0480009955 0.0564568785 
9.93095 0.04000 0.0478713222 0.0563261589 
9.93146 0.04000 0.0477417452 0.0561955364 
9.93196 0.04000 0.0476123549 0.0560651021 
9.93247 0.04000 0.0474831515 0.0559348562 
9.93298 0.04000 0.0473539996 0.0558046623 
9.93349 0.04000 0.0472250801 0.0556747026 
9.93399 0.04000 0.0470963028 0.0555448862 
9.93450 0.04000 0.0469673062 0.0554148487 
9.93500 0.04000 0.0468388135 0.0552853193 
9.93551 0.04000 0.0467103730 0.0551558425 
9.93601 0.04000 0.0465821204 0.0550265550 
9.93651 0.04000 0.0464540106 0.0548974116 
9.93702 0.04000 0.0463260439 0.0547684124 
9.93752 0.04000 0.0461982202 0.0546395573 
9.93802 0.04000 0.0460705851 0.0545108924 
9.93852 0.04000 0.0459430028 0.0543822807 
9.93902 0.04000 0.0458157000 0.0542539508 
9.93952 0.04000 0.0456884049 0.0541256286 
9.94002 0.04000 0.0455613897 0.0539975885 
9.94052 0.04000 0.0454344277 0.0538696021 
9.94102 0.04000 0.0453060669 0.0537402057 
9.94151 0.04000 0.0451775771 0.0536106791 
9.94201 0.04000 0.0450492760 0.0534813428 
9.94251 0.04000 0.0449210729 0.0533521052 
9.94300 0.04000 0.0447930134 0.0532230125 
9.94350 0.04000 0.0446651430 0.0530941104 
9.94399 0.04000 0.0445374166 0.0529653534 
9.94449 0.04000 0.0444098341 0.0528367415 
9.94498 0.04000 0.0442823503 0.0527082291 
9.94547 0.04000 0.0441550563 0.0525799080 
9.94597 0.04000 0.0440278612 0.0524516866 
9.94646 0.04000 0.0439008562 0.0523236569 
9.94695 0.04000 0.0437739959 0.0521957730 
9.94744 0.04000 0.0436472349 0.0520679892 
9.94793 0.04000 0.0435218492 0.0519415918 
9.94842 0.04000 0.0433973843 0.0518161226 
9.94891 0.04000 0.0432731113 0.0516908469 
9.94940 0.04000 0.0431489392 0.0515656730 
9.94988 0.04000 0.0430248683 0.0514406010 
9.95037 0.04000 0.0429010354 0.0513157690 
9.95086 0.04000 0.0427772582 0.0511909931 
9.95134 0.04000 0.0426536738 0.0510664114 
9.95183 0.04000 0.0425301452 0.0509418862 
9.95232 0.04000 0.0424068096 0.0508175554 
9.95280 0.04000 0.0422836215 0.0506933734 
9.95328 0.04000 0.0421605810 0.0505693401 
9.95377 0.04000 0.0420376426 0.0504454097 
9.95429 0.04000 0.0419047894 0.0503114846 
9.95477 0.04000 0.0417821439 0.0501878496 
9.95526 0.04000 0.0416596466 0.0500643639 
9.95574 0.04000 0.0415372518 0.0499409815 
9.95622 0.04000 0.0414150511 0.0498177948 
9.95670 0.04000 0.0412929074 0.0496946656 
9.95718 0.04000 0.0411710040 0.0495717786 
9.95766 0.04000 0.0415740988 0.0494489030 
9.95814 0.04000 0.0414523859 0.0493262698 
9.95861 0.04000 0.0413307762 0.0492037408 
9.95909 0.04000 0.0412092700 0.0490813158 
9.95957 0.04000 0.0410878671 0.0489589951 
9.96005 0.04000 0.0409666597 0.0488368713 
9.96052 0.04000 0.0408456019 0.0487148983 
9.96100 0.04000 0.0407246479 0.0485930298 
9.96147 0.04000 0.0406037978 0.0484712661 
9.96195 0.04000 0.0404830977 0.0483496534 
9.96242 0.04000 0.0403625938 0.0482282384 
9.96289 0.04000 0.0402421481 0.0481068821 
9.96337 0.04000 0.0401218068 0.0479856310 
9.96384 0.04000 0.0400016620 0.0478645778 
9.96431 0.04000 0.0398816218 0.0477436300 
9.96478 0.04000 0.0397617323 0.0476228341 
9.96525 0.04000 0.0396419476 0.0475021438 
9.96572 0.04000 0.0395223140 0.0473816057 
9.96619 0.04000 0.0394027854 0.0472611734 
9.96666 0.04000 0.0392834080 0.0471408934 
9.96713 0.04000 0.0386403637 0.0470207196 
9.96760 0.04000 0.0385212570 0.0469006519 
9.96807 0.04000 0.0384023479 0.0467807834 
9.96854 0.04000 0.0382835444 0.0466610213 
9.96900 0.04000 0.0381648926 0.0465414122 
9.96947 0.04000 0.0380463005 0.0464218632 
9.96994 0.04000 0.0379279066 0.0463025140 
9.97040 0.04000 0.0378095724 0.0461832251 
9.97087 0.04000 0.0376913905 0.0460640896 
9.97133 0.04000 0.0375733610 0.0459451078 
9.97179 0.04000 0.0374553916 0.0458261865 
9.97226 0.04000 0.0373375748 0.0457074190 
9.97272 0.04000 0.0372199107 0.0455888056 
9.97322 0.04000 0.0370927325 0.0454606013 
9.97368 0.04000 0.0369753254 0.0453422468 
9.97414 0.04000 0.0368580251 0.0452240001 
9.97460 0.04000 0.0367408317 0.0451058611 
9.97506 0.04000 0.0366238380 0.0449879234 
9.97552 0.04000 0.0365069050 0.0448700470 
9.97598 0.04000 0.0363901257 0.0447523254 
9.97644 0.04000 0.0362734537 0.0446347121 
9.97690 0.04000 0.0361568893 0.0445172071 
9.97736 0.04000 0.0360404323 0.0443998104 
9.97782 0.04000 0.0359241757 0.0442826159 
9.97827 0.04000 0.0358079806 0.0441654832 
9.97873 0.04000 0.0356919397 0.0440485060 
9.97919 0.04000 0.0355760068 0.0439316377 
9.97964 0.04000 0.0354601820 0.0438148784 
9.98010 0.04000 0.0353445118 0.0436982748 
9.98055 0.04000 0.0352289034 0.0435817337 
9.98101 0.04000 0.0351134964 0.0434653955 
9.98146 0.04000 0.0349981514 0.0433491198 
9.98191 0.04000 0.0348829614 0.0432330004 
9.98237 0.04000 0.0347678802 0.0431169907 
9.98282 0.04000 0.0346487678 0.0429969172 
9.98327 0.04000 0.0345229221 0.0428700561 
9.98372 0.04000 0.0343972259 0.0427433457 
9.98417 0.04000 0.0342716327 0.0426167392 
9.98462 0.04000 0.0341461891 0.0424902835 
9.98507 0.04000 0.0340208954 0.0423639787 
9.98552 0.04000 0.0338957049 0.0422377782 
9.98597 0.04000 0.0337706646 0.0421117289 
9.98642 0.04000 0.0336456811 0.0419857371 
9.98687 0.04000 0.0335208946 0.0418599437 
9.98731 0.04000 0.0333963052 0.0417343491 
9.98776 0.04000 0.0332717265 0.0416087651 
9.98821 0.04000 0.0331472984 0.0414833331 
9.98865 0.04000 0.0330230211 0.0413580531 
9.98910 0.04000 0.0328988481 0.0412328781 
9.98955 0.04000 0.0327747794 0.0411078084 
9.98999 0.04000 0.0326509087 0.0409829383 
9.99044 0.04000 0.0325271894 0.0408582206 
9.99088 0.04000 0.0324034812 0.0407335143 
9.99136 0.04000 0.0322698683 0.0405988234 
9.99180 0.04000 0.0321464606 0.0404744199 
9.99224 0.04000 0.0320232046 0.0403501695 
9.99269 0.04000 0.0319000539 0.0402260251 
9.99313 0.04000 0.0317770552 0.0401020340 
9.99357 0.04000 0.0316541619 0.0399781491 
9.99401 0.04000 0.0315313742 0.0398543707 
9.99445 0.04000 0.0314087858 0.0397307931 
9.99489 0.04000 0.0312862562 0.0396072749 
9.99533 0.04000 0.0311638793 0.0394839106 
9.99577 0.04000 0.0310416085 0.0393606532 
9.99621 0.04000 0.0309194436 0.0392375027 
9.99665 0.04000 0.0307974788 0.0391145538 
9.99708 0.04000 0.0306755264 0.0389916174 
9.99752 0.04000 0.0305537742 0.0388688828 
9.99796 0.04000 0.0304321286 0.0387462557 
9.99839 0.04000 0.0303106366 0.0386237834 
9.99883 0.04000 0.0301892043 0.0385013713 
9.99926 0.04000 0.0300678788 0.0383790669 
9.99970 0.04000 0.0299467542 0.0382569650 
10.00013 0.04000 0.0298257367 0.0381349711 
10.00057 0.04000 0.0297048264 0.0380130852 
10.00100 0.04000 0.0295839762 0.0378912599 
10.00144 0.04000 0.0294633276 0.0377696378 
10.00187 0.04000 0.0293427864 0.0376481241 
10.00230 0.04000 0.0292223057 0.0375266713 
10.00273 0.04000 0.0291019798 0.0374053745 
10.00316 0.04000 0.0289818088 0.0372842339 
10.00360 0.04000 0.0288617457 0.0371632020 
10.00403 0.04000 0.0287417434 0.0370422315 
10.00446 0.04000 0.0286218964 0.0369214175 
10.00489 0.04000 0.0285022048 0.0368007602 
10.00532 0.04000 0.0283825743 0.0366801644 
10.00574 0.04000 0.0282630995 0.0365597256 
10.00617 0.04000 0.0281437331 0.0364393961 
10.00660 0.04000 0.0280244755 0.0363191762 
10.00703 0.04000 0.0279053265 0.0361990659 
10.00746 0.04000 0.0277862864 0.0360790653 
10.00788 0.04000 0.0276674497 0.0359592697 
10.00831 0.04000 0.0275542076 0.0358451140 
10.00877 0.04000 0.0274320431 0.0357219638 
10.00920 0.04000 0.0273192596 0.0356082703 
10.00962 0.04000 0.0272066359 0.0354947379 
10.01005 0.04000 0.0270940775 0.0353812712 
10.01047 0.04000 0.0269816316 0.0352679181 
10.01089 0.04000 0.0268693459 0.0351547264 
10.01132 0.04000 0.0267571256 0.0350416007 
10.01174 0.04000 0.0266450183 0.0349285888 
10.01216 0.04000 0.0265330240 0.0348156909 
10.01259 0.04000 0.0264211429 0.0347029070 
10.01301 0.04000 0.0263093749 0.0345902372 
10.01343 0.04000 0.0261976728 0.0344776339 
10.01385 0.04000 0.0260843284 0.0343633749 
10.01427 0.04000 0.0259674419 0.0342455453 
10.01469 0.04000 0.0258506662 0.0341278274 
10.01511 0.04000 0.0257340487 0.0340102689 
10.01553 0.04000 0.0256174947 0.0338927745 
10.01595 0.04000 0.0255010991 0.0337754398 
10.01637 0.04000 0.0253847672 0.0336581693 
10.01679 0.04000 0.0252686415 0.0335411066 
10.01720 0.04000 0.0251525321 0.0334240604 
10.01762 0.04000 0.0250365817 0.0333071744 
10.01804 0.04000 0.0249206952 0.0331903528 
10.01846 0.04000 0.0248049679 0.0330736918 
10.01887 0.04000 0.0246893046 0.0329570953 
10.01929 0.04000 0.0245738009 0.0328406596 
10.01970 0.04000 0.0244584090 0.0327243366 
10.02012 0.04000 0.0243430815 0.0326080786 
10.02053 0.04000 0.0242279137 0.0324919816 
10.02095 0.04000 0.0241128105 0.0323759496 
10.02136 0.04000 0.0239978195 0.0322600309 
10.02177 0.04000 0.0238829887 0.0321442735 
10.02219 0.04000 0.0237682226 0.0320285814 
10.02260 0.04000 0.0236535691 0.0319130028 
10.02301 0.04000 0.0235390283 0.0317975378 
10.02342 0.04000 0.0234246002 0.0316821865 
10.02384 0.04000 0.0233102851 0.0315669490 
10.02425 0.04000 0.0231960828 0.0314518253 
10.02466 0.04000 0.0230819459 0.0313367675 
10.02507 0.04000 0.0229679699 0.0312218718 
10.02551 0.04000 0.0228447367 0.0310976444 
10.02592 0.04000 0.0227309849 0.0309829747 
10.02633 0.04000 0.0226173465 0.0308684194 
10.02674 0.04000 0.0225037738 0.0307539304 
10.02715 0.04000 0.0223903148 0.0306395559 
10.02755 0.04000 0.0222769695 0.0305252960 
10.02796 0.04000 0.0221637380 0.0304111509 
10.02837 0.04000 0.0220506204 0.0302971206 
10.02878 0.04000 0.0219375690 0.0301831570 
10.02918 0.04000 0.0218246316 0.0300693084 
10.02959 0.04000 0.0222270917 0.0299556232 
10.02999 0.04000 0.0221143260 0.0298420049 
10.03040 0.04000 0.0220016748 0.0297285019 
10.03080 0.04000 0.0218890900 0.0296150660 
10.03121 0.04000 0.0217766679 0.0295017939 
10.03161 0.04000 0.0216642645 0.0293885407 
10.03202 0.04000 0.0215520719 0.0292754999 
10.03242 0.04000 0.0214398982 0.0291624781 
10.03282 0.04000 0.0213278875 0.0290496205 
10.03323 0.04000 0.0212159438 0.0289368305 
10.03363 0.04000 0.0211041153 0.0288241565 
10.03403 0.04000 0.0209924021 0.0287115987 
10.03443 0.04000 0.0208808042 0.0285991570 
10.03483 0.04000 0.0207692737 0.0284867833 
10.03523 0.04000 0.0206578587 0.0283745260 
10.03563 0.04000 0.0205465593 0.0282623851 
10.03603 0.04000 0.0204353757 0.0281503609 
10.03643 0.04000 0.0203242597 0.0280384048 
10.03683 0.04000 0.0202132115 0.0279265170 
10.03723 0.04000 0.0201023274 0.0278147946 
10.03763 0.04000 0.0199915112 0.0277031405 
10.03803 0.04000 0.0198808111 0.0275916036 
10.03843 0.04000 0.0197702756 0.0274802323 
10.03882 0.04000 0.0196597599 0.0273688811 
10.03922 0.04000 0.0195493607 0.0272576472 
10.03962 0.04000 0.0194390780 0.0271465307 
10.04002 0.04000 0.0193289119 0.0270355317 
10.04041 0.04000 0.0192188142 0.0269246016 
10.04081 0.04000 0.0191087851 0.0268137406 
10.04120 0.04000 0.0189989211 0.0267030460 
10.04163 0.04000 0.0188800877 0.0265833141 
10.04202 0.04000 0.0187704071 0.0264728043 
10.04242 0.04000 0.0186607953 0.0263623638 
10.04281 0.04000 0.0185513492 0.0262520902 
10.04321 0.04000 0.0184419719 0.0261418860 
10.04360 0.04000 0.0183326638 0.0260317514 
10.04399 0.04000 0.0182234730 0.0259217352 
10.04438 0.04000 0.0181143999 0.0258118374 
10.04478 0.04000 0.0180053961 0.0257020095 
10.04517 0.04000 0.0178965100 0.0255923001 
10.04556 0.04000 0.0177877417 0.0254827095 
10.04595 0.04000 0.0176790430 0.0253731890 
10.04634 0.04000 0.0175704138 0.0252637385 
10.04673 0.04000 0.0174619511 0.0251544558 
10.04712 0.04000 0.0173535097 0.0250451945 
10.04751 0.04000 0.0172451865 0.0249360523 
10.04790 0.04000 0.0171369817 0.0248270294 
10.04829 0.04000 0.0170288953 0.0247181259 
10.04868 0.04000 0.0169208789 0.0246092928 
10.04907 0.04000 0.0168129326 0.0245005304 
10.04945 0.04000 0.0167051536 0.0243919365 
10.04984 0.04000 0.0165973961 0.0242833644 
10.05023 0.04000 0.0164898062 0.0241749610 
10.05062 0.04000 0.0163822380 0.0240665795 
10.05100 0.04000 0.0162748374 0.0239583670 
10.05139 0.04000 0.0161674588 0.0238501764 
10.05177 0.04000 0.0160601993 0.0237421060 
10.05216 0.04000 0.0159530590 0.0236341558 
10.05254 0.04000 0.0158460382 0.0235263258 
10.05293 0.04000 0.0157390395 0.0234185181 
10.05331 0.04000 0.0156321603 0.0233108309 
10.05370 0.04000 0.0155254008 0.0232032642 
10.05408 0.04000 0.0154187122 0.0230957690 
10.05447 0.04000 0.0153121434 0.0229883945 
10.05485 0.04000 0.0152056458 0.0228810917 
10.05523 0.04000 0.0150992681 0.0227739097 
10.05561 0.04000 0.0149929617 0.0226667996 
10.05600 0.04000 0.0148854095 0.0225584343 
10.05638 0.04000 0.0147778305 0.0224500419 
10.05676 0.04000 0.0146703222 0.0223417208 
10.05717 0.04000 0.0145541948 0.0222247155 
10.05755 0.04000 0.0144468749 0.0221165842 
10.05793 0.04000 0.0143396748 0.0220085736 
10.05831 0.04000 0.0142325457 0.0219006345 
10.05869 0.04000 0.0141255855 0.0217928657 
10.05907 0.04000 0.0140186477 0.0216851193 
10.05945 0.04000 0.0139118788 0.0215775432 
10.05983 0.04000 0.0138051324 0.0214699897 
10.06021 0.04000 0.0136985063 0.0213625575 
10.06059 0.04000 0.0135919517 0.0212551973 
10.06096 0.04000 0.0134855175 0.0211479584 
10.06134 0.04000 0.0133792040 0.0210408411 
10.06172 0.04000 0.0132729131 0.0209337467 
10.06210 0.04000 0.0131666940 0.0208267245 
10.06247 0.04000 0.0130606447 0.0207198734 
10.06285 0.04000 0.0129546673 0.0206130947 
10.06322 0.04000 0.0128488109 0.0205064380 
10.06360 0.04000 0.0127429774 0.0203998044 
10.06397 0.04000 0.0126372652 0.0202932929 
10.06435 0.04000 0.0125316741 0.0201869035 
10.06472 0.04000 0.0124261062 0.0200805374 
10.06510 0.04000 0.0123206597 0.0199742937 
10.06547 0.04000 0.0122153346 0.0198681723 
10.06584 0.04000 0.0121100820 0.0197621239 
10.06622 0.04000 0.0120049510 0.0196561981 
10.06659 0.04000 0.0118998434 0.0195502959 
10.06696 0.04000 0.0117948577 0.0194445164 
10.06734 0.04000 0.0116899446 0.0193388101 
10.06771 0.04000 0.0115851535 0.0192332268 
10.06808 0.04000 0.0114804353 0.0191277168 
10.06845 0.04000 0.0113758391 0.0190223298 
10.06882 0.04000 0.0112713159 0.0189170164 
10.06919 0.04000 0.0111668658 0.0188117766 
10.06956 0.04000 0.0110624888 0.0187066105 
10.06993 0.04000 0.0109581850 0.0186015181 
10.07030 0.04000 0.0108540530 0.0184965987 
10.07067 0.04000 0.0107499449 0.0183917036 
10.07104 0.04000 0.0106459103 0.0182868824 
10.07141 0.04000 0.0105420477 0.0181822345 
10.07178 0.04000 0.0104382093 0.0180776111 
10.07218 0.04000 0.0103259155 0.0179644682 
10.07254 0.04000 0.0102223209 0.0178600904 
10.07291 0.04000 0.0101187014 0.0177556875 
10.07328 0.04000 0.0100152543 0.0176514584 
10.07365 0.04000 0.0099119305 0.0175473533 
10.07401 0.04000 0.0098085819 0.0174432234 
10.07438 0.04000 0.0097054060 0.0173392674 
10.07474 0.04000 0.0096022547 0.0172353363 
10.07511 0.04000 0.0094992764 0.0171315794 
10.07548 0.04000 0.0093996826 0.0170312326 
10.07584 0.04000 0.0093013012 0.0169321074 
10.07621 0.04000 0.0092029962 0.0168330592 
10.07657 0.04000 0.0091048171 0.0167341378 
10.07693 0.04000 0.0090067146 0.0166352936 
10.07730 0.04000 0.0089086887 0.0165365265 
10.07766 0.04000 0.0088107394 0.0164378367 
10.07802 0.04000 0.0087128668 0.0163392241 
10.07839 0.04000 0.0086150710 0.0162406890 
10.07875 0.04000 0.0085173520 0.0161422311 
10.07911 0.04000 0.0084197594 0.0160439007 
10.07947 0.04000 0.0083222437 0.0159456478 
10.07984 0.04000 0.0082247556 0.0158474226 
10.08020 0.04000 0.0081273941 0.0157493250 
10.08056 0.04000 0.0080279288 0.0156491077 
10.08092 0.04000 0.0079265567 0.0155469692 
10.08128 0.04000 0.0078252103 0.0154448565 
10.08164 0.04000 0.0077239889 0.0153428698 
10.08200 0.04000 0.0076228429 0.0152409592 
10.08236 0.04000 0.0075217724 0.0151391245 
10.08272 0.04000 0.0074207775 0.0150373660 
10.08308 0.04000 0.0073199079 0.0149357338 
10.08344 0.04000 0.0072191140 0.0148341778 
10.08379 0.04000 0.0071183958 0.0147326982 
10.08415 0.04000 0.0070177038 0.0146312449 
10.08451 0.04000 0.0069171373 0.0145299181 
10.08487 0.04000 0.0068166965 0.0144287179 
10.08523 0.04000 0.0067162820 0.0143275442 
10.08558 0.04000 0.0066159435 0.0142264471 
10.08594 0.04000 0.0065156811 0.0141254267 
10.08629 0.04000 0.0064155447 0.0140245332 
10.08668 0.04000 0.0063072737 0.0139154436 
10.08704 0.04000 0.0062072879 0.0138147019 
10.08739 0.04000 0.0061073786 0.0137140372 
10.08775 0.04000 0.0060075954 0.0136134996 
10.08810 0.04000 0.0059078390 0.0135129890 
10.08846 0.04000 0.0058081591 0.0134125554 
10.08881 0.04000 0.0057086056 0.0133122493 
10.08916 0.04000 0.0056090790 0.0132119702 
10.08952 0.04000 0.0055097288 0.0131118689 
10.08987 0.04000 0.0054104056 0.0130117948 
10.09022 0.04000 0.0053111094 0.0129117478 
10.09058 0.04000 0.0052119399 0.0128118286 
10.09093 0.04000 0.0051128974 0.0127120372 
10.09128 0.04000 0.0050138819 0.0126122732 
10.09163 0.04000 0.0049148937 0.0125125365 
10.09199 0.04000 0.0048160825 0.0124129782 
10.09234 0.04000 0.0047172985 0.0123134474 
10.09269 0.04000 0.0046186418 0.0122140449 
10.09304 0.04000 0.0045200125 0.0121146699 
10.09339 0.04000 0.0044215105 0.0120154232 
10.09374 0.04000 0.0043230361 0.0119162042 
10.09409 0.04000 0.0042246891 0.0118171137 
10.09444 0.04000 0.0041263697 0.0117180509 
10.09479 0.04000 0.0040281779 0.0116191168 
10.09514 0.04000 0.0039300639 0.0115202610 
10.09549 0.04000 0.0038319776 0.0114214330 
10.09584 0.04000 0.0037340191 0.0113227339 
10.09618 0.04000 0.0036361385 0.0112241133 
10.09653 0.04000 0.0035383358 0.0111255712 
10.09688 0.04000 0.0034405109 0.0110270067 
10.09723 0.04000 0.0033428643 0.0109286218 
10.09757 0.04000 0.0032452958 0.0108303156 
10.09792 0.04000 0.0031478054 0.0107320882 
10.09827 0.04000 0.0030503933 0.0106339396 
10.09861 0.04000 0.0029530093 0.0105358193 
10.09896 0.04000 0.0028557538 0.0104378285 
10.09931 0.04000 0.0027585766 0.0103399167 
10.09965 0.04000 0.0026614278 0.0102420333 
10.10000 0.04000 0.0025644076 0.0101442796 
10.10037 0.04000 0.0024594828 0.0100385616 
10.10072 0.04000 0.0023625679 0.0099409139 
10.10106 0.04000 0.0022657818 0.0098433961 
10.10140 0.04000 0.0021690242 0.0097459070 
10.10175 0.04000 0.0020723454 0.0096484972 
10.10209 0.04000 0.0019758460 0.0095512683 
10.10243 0.04000 0.0018793250 0.0094540175 
10.10278 0.04000 0.0017828830 0.0093568463 
10.10312 0.04000 0.0016865702 0.0092598054 
10.10346 0.04000 0.0015902863 0.0091627935 
10.10381 0.04000 0.0014940815 0.0090658613 
10.10415 0.04000 0.0013980062 0.0089690596 
10.10449 0.04000 0.0013019094 0.0088722364 
10.10483 0.04000 0.0012059927 0.0087755944 
10.10517 0.04000 0.0011100546 0.0086789310 
10.10551 0.04000 0.0010142967 0.0085824492 
10.10585 0.04000 0.0009185175 0.0084859458 
10.10619 0.04000 0.0008228682 0.0083895734 
10.10653 0.04000 0.0007272481 0.0082932304 
10.10687 0.04000 0.0006317581 0.0081970183 
10.10721 0.04000 0.0005362973 0.0081008358 
10.10755 0.04000 0.0004409162 0.0080047337 
10.10789 0.04000 0.0003456655 0.0079087628 
10.10823 0.04000 0.0002504441 0.0078128215 
10.10857 0.04000 0.0001552522 0.0077169098 
10.10891 0.04000 0.0000601907 0.0076211296 
10.10924 0.04000 -0.0000347907 0.0075254301 
10.10958 0.04000 -0.0001296921 0.0074298112 
10.10992 0.04000 -0.0002245133 0.0073342731 
10.11026 0.04000 -0.0003193554 0.0072387140 
10.11059 0.04000 -0.0004140667 0.0071432866 
10.11093 0.04000 -0.0005086977 0.0070479401 
10.11127 0.04000 -0.0006032484 0.0069526746 
10.11160 0.04000 -0.0006977187 0.0068574901 
10.11194 0.04000 -0.0007921084 0.0067623867 
10.11228 0.04000 -0.0008864683 0.0066673135 
10.11261 0.04000 -0.0009806970 0.0065723724 
10.11295 0.04000 -0.0010748450 0.0064775125 
10.11328 0.04000 -0.0011689630 0.0063826830 
10.11362 0.04000 -0.0012630509 0.0062878837 
10.11398 0.04000 -0.0013647071 0.0061854589 
10.11431 0.04000 -0.0014586350 0.0060908208 
10.11464 0.04000 -0.0015524821 0.0059962642 
10.11498 0.04000 -0.0016461976 0.0059018403 
10.11531 0.04000 -0.0017398827 0.0058074468 
10.11564 0.04000 -0.0018334867 0.0057131351 
10.11598 0.04000 -0.0019270097 0.0056189051 
10.11631 0.04000 -0.0020204514 0.0055247568 
10.11664 0.04000 -0.0021138120 0.0054306904 
10.11697 0.04000 -0.0022071928 0.0053366037 
10.11731 0.04000 -0.0023004415 0.0052426499 
10.11764 0.04000 -0.0023936088 0.0051487782 
10.11797 0.04000 -0.0024867455 0.0050549374 
10.11830 0.04000 -0.0025797499 0.0049612298 
10.11863 0.04000 -0.0026727236 0.0048675532 
10.11896 0.04000 -0.0027656157 0.0047739588 
10.11929 0.04000 -0.0028583753 0.0046804979 
10.11962 0.04000 -0.0029511549 0.0045870168 
10.11995 0.04000 -0.0030438527 0.0044936182 
10.12028 0.04000 -0.0031364687 0.0044003019 
10.12061 0.04000 -0.0032290029 0.0043070681 
10.12094 0.04000 -0.0033214553 0.0042139168 
10.12127 0.04000 -0.0034138765 0.0041207968 
10.12160 0.04000 -0.0035062157 0.0040277595 
10.12192 0.04000 -0.0035984729 0.0039348047 
10.12225 0.04000 -0.0036906480 0.0038419328 
10.12258 0.04000 -0.0037827918 0.0037490923 
10.12291 0.04000 -0.0038748025 0.0036563859 
10.12323 0.04000 -0.0039668328 0.0035636598 
10.12356 0.04000 -0.0040587299 0.0034710680 
10.12389 0.04000 -0.0041505956 0.0033785078 
10.12422 0.04000 -0.0042423789 0.0032860306 
10.12454 0.04000 -0.0043340797 0.0031936365 
10.12487 0.04000 -0.0044256979 0.0031013255 
10.12519 0.04000 -0.0045172847 0.0030090463 
10.12552 0.04000 -0.0046087378 0.0029169018 
10.12584 0.04000 -0.0047001592 0.0028247892 
10.12617 0.04000 -0.0047915490 0.0027327085 
10.12649 0.04000 -0.0048828560 0.0026407112 
10.12682 0.04000 -0.0049740801 0.0025487973 
10.12717 0.04000 -0.0050727834 0.0024493478 
10.12749 0.04000 -0.0051637922 0.0023576509 
10.12782 0.04000 -0.0052548203 0.0022659345 
10.12814 0.04000 -0.0053458165 0.0021742504 
10.12846 0.04000 -0.0054366785 0.0020827015 
10.12879 0.04000 -0.0055274574 0.0019912363 
10.12911 0.04000 -0.0056182553 0.0018997518 
10.12943 0.04000 -0.0057088677 0.0018084543 
10.12976 0.04000 -0.0057994992 0.0017171376 
10.13008 0.04000 -0.0058900986 0.0016258533 
10.13040 0.04000 -0.0059805121 0.0015347562 
10.13072 0.04000 -0.0060709447 0.0014436399 
10.13104 0.04000 -0.0061612938 0.0013526077 
10.13136 0.04000 -0.0062525840 0.0012606273 
10.13168 0.04000 -0.0063444573 0.0011680594 
10.13201 0.04000 -0.0064361964 0.0010756267 
10.13233 0.04000 -0.0065279550 0.0009831743 
10.13265 0.04000 -0.0066195794 0.0008908573 
10.13297 0.04000 -0.0067111206 0.0007986239 
10.13329 0.04000 -0.0068026300 0.0007064227 
10.13361 0.04000 -0.0068941075 0.0006142536 
10.13392 0.04000 -0.0069854504 0.0005222201 
10.13424 0.04000 -0.0070767614 0.0004302187 
10.13456 0.04000 -0.0071679891 0.0003383013 
10.13488 0.04000 -0.0072591847 0.0002464163 
10.13520 0.04000 -0.0073502454 0.0001546670 
10.13552 0.04000 -0.0074413255 0.0000628984 
10.13584 0.04000 -0.0075322707 -0.0000287344 
10.13615 0.04000 -0.0076231836 -0.0001203347 
10.13647 0.04000 -0.0077140129 -0.0002118507 
10.13679 0.04000 -0.0078047842 -0.0003033082 
10.13711 0.04000 -0.0078954974 -0.0003947074 
10.13742 0.04000 -0.0079861270 -0.0004860221 
10.13774 0.04000 -0.0080766983 -0.0005772782 
10.13805 0.04000 -0.0081672115 -0.0006684757 
10.13837 0.04000 -0.0082576408 -0.0007595887 
10.13869 0.04000 -0.0083480118 -0.0008506430 
10.13900 0.04000 -0.0084383503 -0.0009416645 
10.13932 0.04000 -0.0085285790 -0.0010325753 
10.13963 0.04000 -0.0086187493 -0.0011234273 
10.13997 0.04000 -0.0087162296 -0.0012216446 
10.14029 0.04000 -0.0088062845 -0.0013123804 
10.14060 0.04000 -0.0088962551 -0.0014030313 
10.14092 0.04000 -0.0089861930 -0.0014936491 
10.14123 0.04000 -0.0090760207 -0.0015841560 
10.14154 0.04000 -0.0091657898 -0.0016746037 
10.14186 0.04000 -0.0092555002 -0.0017649924 
10.14217 0.04000 -0.0093451776 -0.0018553478 
10.14248 0.04000 -0.0094347705 -0.0019456180 
10.14280 0.04000 -0.0095242787 -0.0020358030 
10.14311 0.04000 -0.0096137281 -0.0021259287 
10.14342 0.04000 -0.0097031445 -0.0022160210 
10.14373 0.04000 -0.0097924760 -0.0023060280 
10.14405 0.04000 -0.0098817227 -0.0023959495 
10.14436 0.04000 -0.0099709105 -0.0024858115 
10.14467 0.04000 -0.0100600649 -0.0025756400 
10.14498 0.04000 -0.0101491344 -0.0026653829 
10.14529 0.04000 -0.0102381448 -0.0027550662 
10.14560 0.04000 -0.0103194413 -0.0028369774 
10.14591 0.04000 -0.0103962009 -0.0029143173 
10.14622 0.04000 -0.0104729224 -0.0029916189 
10.14653 0.04000 -0.0105496059 -0.0030688822 
10.14684 0.04000 -0.0106261995 -0.0031460549 
10.14715 0.04000 -0.0107027550 -0.0032231891 
10.14746 0.04000 -0.0107792463 -0.0033002588 
10.14777 0.04000 -0.0108556995 -0.0033772900 
10.14808 0.04000 -0.0109320626 -0.0034542305 
10.14839 0.04000 -0.0110083875 -0.0035311324 
10.14870 0.04000 -0.0110847000 -0.0036080218 
10.14901 0.04000 -0.0111609224 -0.0036848205 
10.14932 0.04000 -0.0112370805 -0.0037615544 
10.14962 0.04000 -0.0113132002 -0.0038382496 
10.14993 0.04000 -0.0113892556 -0.0039148800 
10.15024 0.04000 -0.0114652725 -0.0039914716 
10.15055 0.04000 -0.0115412251 -0.0040679984 
10.15085 0.04000 -0.0116289930 -0.0041564299 
10.15116 0.04000 -0.0117168307 -0.0042449318 
10.15147 0.04000 -0.0118046344 -0.0043333993 
10.15177 0.04000 -0.0118923262 -0.0044217541 
