7.00000 0.01000 1.0523938791 1.2920309298 
7.30103 0.01000 0.9504353869 1.0716898716 
7.47712 0.01000 0.8846469744 0.9704023545 
7.60206 0.01000 0.8365120770 0.9051311064 
7.69897 0.01000 0.7985776202 0.8551891965 
7.77815 0.01000 0.7673063292 0.8173072798 
7.84510 0.01000 0.7412356355 0.7868224001 
7.90309 0.01000 0.7186278224 0.7609108237 
7.95424 0.01000 0.6987065338 0.7387170308 
8.00000 0.01000 0.6810717855 0.7189066492 
8.04139 0.01000 0.6656630032 0.7014104974 
8.07918 0.01000 0.6510684841 0.6856414197 
8.11394 0.01000 0.6370717479 0.6713515955 
8.14613 0.01000 0.6250523838 0.6582336473 
8.17609 0.01000 0.6131776971 0.6461164964 
8.20412 0.01000 0.6030719080 0.6349697674 
8.23045 0.01000 0.5928371127 0.6245313206 
8.25527 0.01000 0.5832232603 0.6147261721 
8.27875 0.01000 0.5741940458 0.6055172947 
8.30103 0.01000 0.5657205988 0.5968752433 
8.32222 0.01000 0.5576606623 0.5886549306 
8.34242 0.01000 0.5501655724 0.5810107037 
8.36173 0.01000 0.5430184090 0.5737213263 
8.38021 0.01000 0.5361754651 0.5667422218 
8.39794 0.01000 0.5289359151 0.5601546168 
8.41497 0.01000 0.5227477173 0.5538400648 
8.43136 0.01000 0.5167930576 0.5477638194 
8.44716 0.01000 0.5102938704 0.5419190229 
8.46240 0.01000 0.5048495286 0.5363606781 
8.47712 0.01000 0.4995897691 0.5309907806 
8.49136 0.01000 0.4945024987 0.5257969842 
8.50515 0.01000 0.4888159852 0.5207680911 
8.51851 0.01000 0.4840868027 0.5159374137 
8.53148 0.01000 0.4795493234 0.5113025536 
8.54407 0.01000 0.4743896333 0.5068020843 
8.55630 0.01000 0.4701100292 0.5024283990 
8.56820 0.01000 0.4659476594 0.4981745251 
8.57978 0.01000 0.4611489319 0.4940341252 
8.59106 0.01000 0.4572451670 0.4900425007 
8.60206 0.01000 0.4534907750 0.4862036109 
8.61278 0.01000 0.4490874868 0.4824595119 
8.62325 0.01000 0.4455158738 0.4788056457 
8.63347 0.01000 0.4412903095 0.4752377515 
8.64345 0.01000 0.4378846660 0.4717518932 
8.65321 0.01000 0.4345555653 0.4683443805 
8.66276 0.01000 0.4305667561 0.4650117548 
8.67210 0.01000 0.4274058752 0.4617747667 
8.68124 0.01000 0.4243241778 0.4586188686 
8.69020 0.01000 0.4205779122 0.4555280607 
8.69897 0.01000 0.4176222378 0.4524996686 
8.70757 0.01000 0.4139999803 0.4495312618 
8.71600 0.01000 0.4111605518 0.4466204836 
8.72428 0.01000 0.4083752286 0.4437651702 
8.73239 0.01000 0.4049214038 0.4409635127 
8.74036 0.01000 0.4022405132 0.4382138460 
8.74819 0.01000 0.3996059864 0.4355117325 
8.75587 0.01000 0.3963037626 0.4328599699 
8.76343 0.01000 0.3937652658 0.4302550135 
8.77085 0.01000 0.3905558934 0.4276945203 
8.77815 0.01000 0.3881008309 0.4251738886 
8.78533 0.01000 0.3849777306 0.4226980902 
8.79239 0.01000 0.3826067650 0.4202625504 
8.79934 0.01000 0.3802736895 0.4178659328 
8.80618 0.01000 0.3772663782 0.4155041080 
8.81291 0.01000 0.3750068405 0.4131818376 
8.81954 0.01000 0.3727818215 0.4108950443 
8.82607 0.01000 0.3698855687 0.4086426193 
8.83251 0.01000 0.3677248171 0.4064207353 
8.83885 0.01000 0.3648958636 0.4042340871 
8.84510 0.01000 0.3628020665 0.4020799439 
8.85126 0.01000 0.3607490846 0.3999677921 
8.85733 0.01000 0.3587222669 0.3978825587 
8.86332 0.01000 0.3560276604 0.3958286782 
8.86923 0.01000 0.3540595059 0.3938027561 
8.87506 0.01000 0.3521177551 0.3918040126 
8.88081 0.01000 0.3501992908 0.3898292391 
8.88649 0.01000 0.3476140551 0.3878827904 
8.89209 0.01000 0.3457484400 0.3859614279 
8.89763 0.01000 0.3439065902 0.3840645408 
8.90309 0.01000 0.3420856020 0.3821891388 
8.90849 0.01000 0.3395989938 0.3803393756 
8.91381 0.01000 0.3378258663 0.3785123231 
8.91908 0.01000 0.3360742465 0.3767074323 
8.92428 0.01000 0.3343413406 0.3749218247 
8.92942 0.01000 0.3326311979 0.3731596725 
8.93450 0.01000 0.3302549543 0.3714180782 
8.93952 0.01000 0.3285852006 0.3696966560 
8.94448 0.01000 0.3269323900 0.3679927012 
8.94939 0.01000 0.3251913899 0.3661978279 
8.95424 0.01000 0.3234482858 0.3644007856 
8.95904 0.01000 0.3217244788 0.3626236375 
8.96379 0.01000 0.3200173047 0.3608636369 
8.96848 0.01000 0.3183307731 0.3591249178 
8.97313 0.01000 0.3166622940 0.3574048096 
8.97772 0.01000 0.3150114453 0.3557028773 
8.98227 0.01000 0.3133757938 0.3540166126 
8.98677 0.01000 0.3117591569 0.3523499508 
8.99123 0.01000 0.3101590911 0.3507003729 
8.99564 0.01000 0.3086072352 0.3491004967 
9.00000 0.01000 0.3072048346 0.3476547006 
9.00432 0.01000 0.3058177077 0.3462246506 
9.00860 0.01000 0.3044442503 0.3448086933 
9.01284 0.01000 0.3030842016 0.3434065595 
9.01703 0.01000 0.3010659504 0.3420179746 
9.02119 0.01000 0.2997326020 0.3406426581 
9.02531 0.01000 0.2983307574 0.3391966894 
9.02938 0.01000 0.2968374632 0.3376563926 
9.03342 0.01000 0.2953580668 0.3361304311 
9.03743 0.01000 0.2938923622 0.3346185924 
9.04139 0.01000 0.2924400915 0.3331206103 
9.04532 0.01000 0.2910009439 0.3316361645 
9.04922 0.01000 0.2895751655 0.3301655087 
9.05308 0.01000 0.2882822261 0.3288318731 
9.05690 0.01000 0.2870006991 0.3275100091 
9.06070 0.01000 0.2857304170 0.3261997439 
9.06446 0.01000 0.2844710661 0.3249007539 
9.06818 0.01000 0.2832225655 0.3236129558 
9.07188 0.01000 0.2819846409 0.3223360667 
9.07554 0.01000 0.2807572051 0.3210699964 
9.07918 0.01000 0.2795116636 0.3197852505 
9.08278 0.01000 0.2782427067 0.3184763522 
9.08636 0.01000 0.2769842286 0.3171782626 
9.08990 0.01000 0.2757360440 0.3158907905 
9.09342 0.01000 0.2744979640 0.3146137409 
9.09691 0.01000 0.2732697960 0.3133469155 
9.10037 0.01000 0.2720514421 0.3120902130 
9.10380 0.01000 0.2708427036 0.3108434286 
9.10721 0.01000 0.2690603471 0.3096807609 
9.11059 0.01000 0.2680151738 0.3086021334 
9.11394 0.01000 0.2669780239 0.3075317861 
9.11727 0.01000 0.2659488640 0.3064696846 
9.12057 0.01000 0.2649275606 0.3054156910 
9.12385 0.01000 0.2632614171 0.3043696140 
9.12710 0.01000 0.2622558869 0.3033313625 
9.13033 0.01000 0.2612578459 0.3023008440 
9.13353 0.01000 0.2602671528 0.3012779125 
9.13671 0.01000 0.2592837398 0.3002624978 
9.13987 0.01000 0.2582422341 0.2991871001 
9.14301 0.01000 0.2571614686 0.2980711651 
9.14613 0.01000 0.2560862194 0.2969609259 
9.14922 0.01000 0.2550208490 0.2958608869 
9.15229 0.01000 0.2539629979 0.2947686119 
9.15534 0.01000 0.2529125768 0.2936840087 
9.15836 0.01000 0.2518694691 0.2926069570 
9.16137 0.01000 0.2508335824 0.2915373611 
9.16435 0.01000 0.2498048222 0.2904751237 
9.16732 0.01000 0.2487830927 0.2894201458 
9.17026 0.01000 0.2475179529 0.2881138367 
9.17318 0.01000 0.2468520520 0.2867616169 
9.17609 0.01000 0.2455505504 0.2854184565 
9.17897 0.01000 0.2442576867 0.2840842105 
9.18184 0.01000 0.2436150702 0.2827587850 
9.18469 0.01000 0.2423384964 0.2814420301 
9.18752 0.01000 0.2417106462 0.2801338740 
9.19033 0.01000 0.2404499446 0.2788341615 
9.19312 0.01000 0.2399225189 0.2776315027 
9.19590 0.01000 0.2388166617 0.2764920138 
9.19865 0.01000 0.2377178100 0.2753597434 
9.20139 0.01000 0.2366258925 0.2742346181 
9.20412 0.01000 0.2355408100 0.2731165356 
9.20682 0.01000 0.2350988361 0.2720054474 
9.20951 0.01000 0.2340266476 0.2709012203 
9.21218 0.01000 0.2329610442 0.2698037750 
9.21484 0.01000 0.2319019744 0.2687130587 
9.21748 0.01000 0.2314834631 0.2676289613 
9.22010 0.01000 0.2300018020 0.2538366151 
9.22271 0.01000 0.2293971459 0.2525814957 
9.22530 0.01000 0.2281726550 0.2513339130 
9.22788 0.01000 0.2275807378 0.2500936805 
9.23044 0.01000 0.2263700159 0.2488607549 
9.23299 0.01000 0.2257905839 0.2476351208 
9.23552 0.01000 0.2245963545 0.2464196093 
9.23804 0.01000 0.2240296715 0.2452088109 
9.24054 0.01000 0.2228935888 0.2440530708 
9.24303 0.01000 0.2225457661 0.2430666259 
9.24551 0.01000 0.2215810661 0.2420857330 
9.24797 0.01000 0.2206218685 0.2411104349 
9.25041 0.01000 0.2196680689 0.2401406255 
9.25285 0.01000 0.2187196498 0.2391762868 
9.25527 0.01000 0.2177740627 0.2382148277 
9.25768 0.01000 0.2174550773 0.2372611589 
9.26007 0.01000 0.2165218235 0.2363127225 
9.26245 0.01000 0.2155937270 0.2353695274 
9.26482 0.01000 0.2146706478 0.2344314311 
9.26717 0.01000 0.2137526229 0.2334984714 
9.26951 0.01000 0.2134560739 0.2325704734 
9.27184 0.01000 0.2125443977 0.2316444365 
9.27416 0.01000 0.2116542041 0.2307402205 
9.27646 0.01000 0.2107687284 0.2298407968 
9.27875 0.01000 0.2098879438 0.2289461381 
9.28103 0.01000 0.2096260977 0.2280561551 
9.28330 0.01000 0.2087540787 0.2271708498 
9.28556 0.01000 0.2078865476 0.2262901009 
9.28780 0.01000 0.2070235353 0.2254139396 
9.29003 0.01000 0.2061649514 0.2245422741 
9.29225 0.01000 0.2053107344 0.2236750422 
9.29446 0.01000 0.2050726262 0.2228122740 
9.29666 0.01000 0.2042266194 0.2219538132 
9.29885 0.01000 0.2033849167 0.2210997200 
9.30103 0.01000 0.2025474547 0.2202499300 
9.30319 0.01000 0.2017581593 0.2194490155 
9.30535 0.01000 0.2009814680 0.2186608906 
9.30749 0.01000 0.2002080296 0.2178760666 
9.30963 0.01000 0.2000415449 0.2170893193 
9.31175 0.01000 0.1992731888 0.2163100479 
9.31386 0.01000 0.1985102574 0.2155362783 
9.31597 0.01000 0.1977510387 0.2147662741 
9.31806 0.01000 0.1969954926 0.2139999947 
9.32014 0.01000 0.1962435784 0.2132373989 
9.32222 0.01000 0.1954952238 0.2124784132 
9.32428 0.01000 0.1947504498 0.2117230590 
9.32633 0.01000 0.1940091832 0.2109712619 
9.32838 0.01000 0.1932714129 0.2102230109 
9.33041 0.01000 0.1925370648 0.2094782306 
9.33243 0.01000 0.1918061902 0.2087369733 
9.33445 0.01000 0.1916833957 0.2079995477 
9.33645 0.01000 0.1909645169 0.2072708262 
9.33845 0.01000 0.1902490008 0.2065455135 
9.34044 0.01000 0.1895367074 0.2058234676 
9.34242 0.01000 0.1888259029 0.2051029310 
9.34439 0.01000 0.1881200741 0.2043874382 
9.34635 0.01000 0.1874134640 0.2036711535 
9.34830 0.01000 0.1867089192 0.2029569622 
9.35025 0.01000 0.1860075418 0.2022459817 
9.35218 0.01000 0.1853141016 0.2015430472 
9.35411 0.01000 0.1846244258 0.2008439286 
9.35603 0.01000 0.1839377292 0.2001478300 
9.35793 0.01000 0.1832541247 0.1994548658 
9.35983 0.01000 0.1831731819 0.1987649217 
9.36173 0.01000 0.1824951113 0.1980779156 
9.36361 0.01000 0.1818200856 0.1973939945 
9.36549 0.01000 0.1811478936 0.1967129444 
9.36735 0.01000 0.1804786153 0.1960348465 
9.36921 0.01000 0.1798307753 0.1953784693 
9.37107 0.01000 0.1791945191 0.1947338285 
9.37291 0.01000 0.1785609775 0.1940919382 
9.37475 0.01000 0.1779300986 0.1934527456 
9.37657 0.01000 0.1773018954 0.1928162640 
9.37840 0.01000 0.1766763155 0.1921824403 
9.38021 0.01000 0.1760533389 0.1915512542 
9.38201 0.01000 0.1754329453 0.1909226850 
9.38381 0.01000 0.1748119492 0.1902935055 
9.38560 0.01000 0.1741870144 0.1896603355 
9.38739 0.01000 0.1735646392 0.1890297586 
9.38916 0.01000 0.1735392678 0.1884017206 
9.39093 0.01000 0.1729216366 0.1877762672 
9.39269 0.01000 0.1723096268 0.1871565066 
9.39445 0.01000 0.1717081549 0.1865474172 
9.39620 0.01000 0.1711091035 0.1859407791 
9.39794 0.01000 0.1705124506 0.1853365698 
9.39967 0.01000 0.1699181740 0.1847347668 
9.40140 0.01000 0.1693262846 0.1841353814 
9.40312 0.01000 0.1687367266 0.1835383569 
9.40483 0.01000 0.1681654463 0.1829598415 
9.40654 0.01000 0.1676020037 0.1823892632 
9.40824 0.01000 0.1670407799 0.1818209317 
9.40993 0.01000 0.1664817510 0.1812548228 
9.41162 0.01000 0.1659248926 0.1806909120 
9.41330 0.01000 0.1653701804 0.1801291746 
9.41497 0.01000 0.1642261246 0.1795681820 
9.41664 0.01000 0.1636759760 0.1790107836 
9.41830 0.01000 0.1631278647 0.1784554493 
9.41996 0.01000 0.1619926555 0.1779022912 
9.42160 0.01000 0.1614490567 0.1773512497 
9.42325 0.01000 0.1609129936 0.1768078469 
9.42488 0.01000 0.1598228695 0.1762992979 
9.42651 0.01000 0.1593233419 0.1757926740 
9.42813 0.01000 0.1582377477 0.1752879480 
9.42975 0.01000 0.1577421192 0.1747850235 
9.43136 0.01000 0.1572484095 0.1742840460 
9.43297 0.01000 0.1561693372 0.1737849188 
9.43457 0.01000 0.1556794617 0.1732875795 
9.43616 0.01000 0.1546017886 0.1727891136 
9.43775 0.01000 0.1540567718 0.1722355116 
9.43933 0.01000 0.1535137710 0.1716839575 
9.44091 0.01000 0.1523868661 0.1711343901 
9.44248 0.01000 0.1518409052 0.1705795473 
9.44404 0.01000 0.1512691041 0.1699984439 
9.44560 0.01000 0.1501143626 0.1694194359 
9.44716 0.01000 0.1495469487 0.1688424977 
9.44870 0.01000 0.1483971188 0.1682676033 
9.45025 0.01000 0.1478340208 0.1676947621 
9.45178 0.01000 0.1466890613 0.1671239478 
9.45332 0.01000 0.1461302069 0.1665551342 
9.45484 0.01000 0.1449900411 0.1659883301 
9.45636 0.01000 0.1444353571 0.1654234737 
9.45788 0.01000 0.1485444722 0.1648606798 
9.45939 0.01000 0.1427494588 0.1642997799 
9.46090 0.01000 0.1474410666 0.1637415992 
9.46240 0.01000 0.1469089269 0.1632019000 
9.46389 0.01000 0.1463786172 0.1626640567 
9.46538 0.01000 0.1458501099 0.1621280415 
9.46686 0.01000 0.1383503630 0.1615938620 
9.46834 0.01000 0.1447984976 0.1610614899 
9.46982 0.01000 0.1436948163 0.1605309329 
9.47129 0.01000 0.1431737522 0.1600021983 
9.47275 0.01000 0.1426544561 0.1594752578 
9.47421 0.01000 0.1421368291 0.1589500109 
9.47567 0.01000 0.1416209843 0.1584265724 
9.47712 0.01000 0.1411100146 0.1579080808 
9.47857 0.01000 0.1405980436 0.1573885731 
9.48001 0.01000 0.1400827928 0.1568657375 
9.48144 0.01000 0.1395691992 0.1563445833 
9.48287 0.01000 0.1390572694 0.1558251176 
9.48430 0.01000 0.1385470816 0.1553074193 
9.48572 0.01000 0.1380385711 0.1547914232 
9.48714 0.01000 0.1369542461 0.1542770634 
9.48855 0.01000 0.1364492596 0.1537643829 
9.48996 0.01000 0.1359459337 0.1532533882 
9.49136 0.01000 0.1354442391 0.1527440497 
9.49276 0.01000 0.1349441104 0.1522363010 
9.49415 0.01000 0.1344456257 0.1517302213 
9.49554 0.01000 0.1345246203 0.1512257441 
9.49693 0.01000 0.1340290831 0.1507229123 
9.49831 0.01000 0.1335298308 0.1502163105 
9.49969 0.01000 0.1330071154 0.1496859004 
9.50106 0.01000 0.1330609793 0.1491572287 
9.50243 0.01000 0.1325412888 0.1486301554 
9.50379 0.01000 0.1320232535 0.1481047609 
9.50515 0.01000 0.1315068801 0.1475810520 
9.50650 0.01000 0.1315658463 0.1470588879 
9.50785 0.01000 0.1310524110 0.1465384228 
9.50920 0.01000 0.1311138090 0.1460195155 
9.51054 0.01000 0.1306032679 0.1455022466 
9.51188 0.01000 0.1300943137 0.1449865855 
9.51322 0.01000 0.1301692627 0.1444824499 
9.51455 0.01000 0.1296950004 0.1440021813 
9.51587 0.01000 0.1297941712 0.1435233155 
9.51719 0.01000 0.1293225562 0.1430459696 
9.51851 0.01000 0.1288523378 0.1425700371 
9.51983 0.01000 0.1284050936 0.1421173580 
9.52114 0.01000 0.1279804160 0.1416875198 
9.52244 0.01000 0.1281280062 0.1412590508 
9.52374 0.01000 0.1277056769 0.1408318058 
9.52504 0.01000 0.1272845985 0.1404058262 
9.52634 0.01000 0.1268648122 0.1399811537 
9.52763 0.01000 0.1264462479 0.1395577174 
9.52891 0.01000 0.1260289468 0.1391355590 
9.53020 0.01000 0.1256128757 0.1387146450 
9.53148 0.01000 0.1251969593 0.1382938874 
9.53275 0.01000 0.1253525442 0.1378754355 
9.53403 0.01000 0.1249399401 0.1374582399 
9.53529 0.01000 0.1245285077 0.1370422291 
9.53656 0.01000 0.1241182509 0.1366274070 
9.53782 0.01000 0.1237092108 0.1362138151 
9.53908 0.01000 0.1232830015 0.1357828629 
9.54033 0.01000 0.1228502576 0.1353453034 
9.54158 0.01000 0.1224188412 0.1349090862 
9.54282 0.01000 0.1219885688 0.1344740258 
9.54407 0.01000 0.1215595573 0.1340402402 
9.54531 0.01000 0.1211317730 0.1336076956 
9.54654 0.01000 0.1207051826 0.1331763581 
9.54777 0.01000 0.1202798653 0.1327463079 
9.54900 0.01000 0.1198556744 0.1323173966 
9.55023 0.01000 0.1194326892 0.1318897044 
9.55145 0.01000 0.1190109136 0.1314632354 
9.55267 0.01000 0.1186026581 0.1310504368 
9.55388 0.01000 0.1182089089 0.1306523060 
9.55509 0.01000 0.1183816503 0.1302552675 
9.55630 0.01000 0.1179899049 0.1298593629 
9.55751 0.01000 0.1175992468 0.1294645573 
9.55871 0.01000 0.1172097175 0.1290708925 
9.55990 0.01000 0.1168211680 0.1286782178 
9.56110 0.01000 0.1164337538 0.1282866905 
9.56229 0.01000 0.1160474020 0.1278962369 
9.56348 0.01000 0.1156620775 0.1275068215 
9.56466 0.01000 0.1152778598 0.1271185247 
9.56585 0.01000 0.1148946376 0.1267312338 
9.56702 0.01000 0.1145124519 0.1263449906 
9.56820 0.01000 0.1141367873 0.1259653376 
9.56937 0.01000 0.1137722262 0.1255969061 
9.57054 0.01000 0.1134087379 0.1252295587 
9.57171 0.01000 0.1130461715 0.1248631430 
9.57287 0.01000 0.1126845682 0.1244977006 
9.57403 0.01000 0.1123239305 0.1241332341 
9.57519 0.01000 0.1119642613 0.1237697464 
9.57634 0.01000 0.1116055246 0.1234072011 
9.57749 0.01000 0.1112477616 0.1230456398 
9.57864 0.01000 0.1114525984 0.1226850653 
9.57978 0.01000 0.1110956056 0.1223244646 
9.58092 0.01000 0.1107404835 0.1219657537 
9.58206 0.01000 0.1103863462 0.1216080374 
9.58320 0.01000 0.1100271484 0.1212452095 
9.58433 0.01000 0.1096673786 0.1208818039 
9.58546 0.01000 0.1093085114 0.1205193099 
9.58659 0.01000 0.1089505882 0.1201577695 
9.58771 0.01000 0.1085935725 0.1197971458 
9.58883 0.01000 0.1082375060 0.1194374808 
9.58995 0.01000 0.1078823522 0.1190787377 
9.59106 0.01000 0.1075280746 0.1187208798 
9.59218 0.01000 0.1071747537 0.1183639882 
9.59329 0.01000 0.1068223139 0.1180079866 
9.59439 0.01000 0.1064707969 0.1176529171 
9.59550 0.01000 0.1061236087 0.1173022202 
9.59660 0.01000 0.1057820521 0.1169572118 
9.59769 0.01000 0.1054413211 0.1166130374 
9.59879 0.01000 0.1051014964 0.1162697783 
9.59988 0.01000 0.1047625018 0.1159273578 
9.60097 0.01000 0.1044243394 0.1155857779 
9.60206 0.01000 0.1040870508 0.1152450806 
9.60314 0.01000 0.1037505988 0.1149052284 
9.60422 0.01000 0.1034149858 0.1145662236 
9.60530 0.01000 0.1030802137 0.1142280683 
9.60638 0.01000 0.1027462454 0.1138907249 
9.60745 0.01000 0.1024131225 0.1135542354 
9.60852 0.01000 0.1020808075 0.1132185620 
9.60959 0.01000 0.1017493421 0.1128837468 
9.61066 0.01000 0.1014186493 0.1125497120 
9.61172 0.01000 0.1010887708 0.1122164996 
9.61278 0.01000 0.1007597085 0.1118841118 
9.61384 0.01000 0.1004314645 0.1115525506 
9.61490 0.01000 0.1001040013 0.1112217780 
9.61595 0.01000 0.0997773208 0.1108917960 
9.61700 0.01000 0.0994514647 0.1105626468 
9.61805 0.01000 0.0991263954 0.1102342922 
9.61909 0.01000 0.0988020351 0.1099066540 
9.62013 0.01000 0.0984785052 0.1095798544 
9.62117 0.01000 0.0981513042 0.1092493467 
9.62221 0.01000 0.0978236546 0.1089183858 
9.62325 0.01000 0.0974959147 0.1085873338 
9.62428 0.01000 0.0977242485 0.1082579660 
9.62531 0.01000 0.0973987636 0.1079293578 
9.62634 0.01000 0.0970740328 0.1076015109 
9.62737 0.01000 0.0967500982 0.1072744678 
9.62839 0.01000 0.0964269217 0.1069481901 
9.62941 0.01000 0.0961072330 0.1066254337 
9.63043 0.01000 0.0957901970 0.1063053555 
9.63144 0.01000 0.0954738915 0.1059860147 
9.63246 0.01000 0.0951583583 0.1056674536 
9.63347 0.01000 0.0948435189 0.1053495930 
9.63448 0.01000 0.0945294152 0.1050324752 
9.63548 0.01000 0.0942160087 0.1047160613 
9.63649 0.01000 0.0939033818 0.1044004345 
9.63749 0.01000 0.0935914960 0.1040855558 
9.63849 0.01000 0.0932802319 0.1037713048 
9.63949 0.01000 0.0929697526 0.1034578462 
9.64048 0.01000 0.0926592513 0.1031443653 
9.64147 0.01000 0.0923482829 0.1028304129 
9.64246 0.01000 0.0920381019 0.1025172554 
9.64345 0.01000 0.0917285887 0.1022047722 
9.64444 0.01000 0.0914197449 0.1018929647 
9.64542 0.01000 0.0911116533 0.1015819166 
9.64640 0.01000 0.0908041937 0.1012715067 
9.64738 0.01000 0.0904975303 0.1009619005 
9.64836 0.01000 0.0901914615 0.1006528947 
9.64933 0.01000 0.0898861516 0.1003446551 
9.65031 0.01000 0.0895814395 0.1000370190 
9.65128 0.01000 0.0887273494 0.0997301523 
9.65224 0.01000 0.0884241943 0.0994239335 
9.65321 0.01000 0.0881217228 0.0991184052 
9.65417 0.01000 0.0878198548 0.0988134864 
9.65514 0.01000 0.0875187551 0.0985093439 
9.65610 0.01000 0.0872182621 0.0982058140 
9.65705 0.01000 0.0869184589 0.0979029810 
9.65801 0.01000 0.0866193472 0.0976008464 
9.65896 0.01000 0.0863208466 0.0972993291 
9.65991 0.01000 0.0860229994 0.0969984719 
9.66086 0.01000 0.0857258073 0.0966982763 
9.66181 0.01000 0.0854292307 0.0963987024 
9.66276 0.01000 0.0856809373 0.0960990877 
9.66370 0.01000 0.0853855284 0.0958008440 
9.66464 0.01000 0.0850907808 0.0955032680 
9.66558 0.01000 0.0847966547 0.0952063196 
9.66652 0.01000 0.0845031517 0.0949100001 
9.66745 0.01000 0.0842102732 0.0946143111 
9.66839 0.01000 0.0839180617 0.0943192956 
9.66932 0.01000 0.0836264362 0.0940248717 
9.67025 0.01000 0.0833354808 0.0937311243 
9.67117 0.01000 0.0830451142 0.0934379713 
9.67210 0.01000 0.0827554204 0.0931454976 
9.67302 0.01000 0.0824662353 0.0928535375 
9.67394 0.01000 0.0821777673 0.0925623014 
9.67486 0.01000 0.0819057326 0.0922876563 
9.67578 0.01000 0.0816351854 0.0920145130 
9.67669 0.01000 0.0813561233 0.0917327730 
9.67761 0.01000 0.0810741798 0.0914481239 
9.67852 0.01000 0.0807928827 0.0911641275 
9.67943 0.01000 0.0805121503 0.0908807013 
9.68033 0.01000 0.0802319839 0.0905978464 
9.68124 0.01000 0.0799524678 0.0903156481 
9.68214 0.01000 0.0796734786 0.0900339817 
9.68305 0.01000 0.0793951008 0.0897529325 
9.68395 0.01000 0.0791172521 0.0894724176 
9.68484 0.01000 0.0788400172 0.0891925224 
9.68574 0.01000 0.0785633557 0.0889132061 
9.68663 0.01000 0.0782900703 0.0886372983 
9.68753 0.01000 0.0780271128 0.0883718174 
9.68842 0.01000 0.0777646641 0.0881068503 
9.68931 0.01000 0.0775027674 0.0878424404 
9.69019 0.01000 0.0772413818 0.0875785466 
9.69108 0.01000 0.0769805503 0.0873152121 
9.69196 0.01000 0.0767202319 0.0870523958 
9.69285 0.01000 0.0764604698 0.0867901410 
9.69373 0.01000 0.0762012230 0.0865284064 
9.69460 0.01000 0.0759424925 0.0862671932 
9.69548 0.01000 0.0756843214 0.0860065447 
9.69635 0.01000 0.0754266688 0.0857464196 
9.69723 0.01000 0.0751694935 0.0854867765 
9.69810 0.01000 0.0749128387 0.0852276588 
9.69897 0.01000 0.0746560306 0.0849683864 
9.69984 0.01000 0.0744004193 0.0847103223 
9.70070 0.01000 0.0741453315 0.0844527867 
9.70157 0.01000 0.0738907259 0.0841957380 
9.70243 0.01000 0.0736366459 0.0839392198 
9.70329 0.01000 0.0733830501 0.0836831905 
9.70415 0.01000 0.0731299395 0.0834276510 
9.70501 0.01000 0.0728773573 0.0831726451 
9.70586 0.01000 0.0726252623 0.0829181309 
9.70672 0.01000 0.0723736552 0.0826641095 
9.70757 0.01000 0.0715811036 0.0824106246 
9.70842 0.01000 0.0713306446 0.0821576344 
9.70927 0.01000 0.0710806337 0.0819050969 
9.71012 0.01000 0.0708311145 0.0816530560 
9.71096 0.01000 0.0711230591 0.0814015127 
9.71181 0.01000 0.0708743577 0.0811504247 
9.71265 0.01000 0.0706262360 0.0808999221 
9.71349 0.01000 0.0703784822 0.0806497909 
9.71433 0.01000 0.0701312675 0.0804002039 
9.71517 0.01000 0.0698845501 0.0801511190 
9.71600 0.01000 0.0696382885 0.0799024943 
9.71684 0.01000 0.0693924407 0.0796542874 
9.71767 0.01000 0.0691471784 0.0794066716 
9.71850 0.01000 0.0689022891 0.0791594323 
9.71933 0.01000 0.0686579444 0.0789127428 
9.72016 0.01000 0.0684139742 0.0786664315 
9.72098 0.01000 0.0681705505 0.0784206720 
9.72181 0.01000 0.0679275458 0.0781753354 
9.72263 0.01000 0.0676849609 0.0779304226 
9.72345 0.01000 0.0674429681 0.0776861077 
9.72427 0.01000 0.0672013110 0.0774421317 
9.72509 0.01000 0.0669601620 0.0771986686 
9.72591 0.01000 0.0667194362 0.0769556328 
9.72673 0.01000 0.0664791772 0.0767130683 
9.72754 0.01000 0.0662294957 0.0764609908 
9.72835 0.01000 0.0659643944 0.0761933457 
9.72916 0.01000 0.0656997324 0.0759261440 
9.72997 0.01000 0.0659736525 0.0756594303 
9.73078 0.01000 0.0657098681 0.0753932490 
9.73159 0.01000 0.0654465260 0.0751275141 
9.73239 0.01000 0.0651830659 0.0748616601 
9.73320 0.01000 0.0649206975 0.0745969077 
9.73400 0.01000 0.0646773216 0.0743513205 
9.73480 0.01000 0.0644344136 0.0741062054 
9.73560 0.01000 0.0641920177 0.0738616070 
9.73640 0.01000 0.0639658546 0.0736333889 
9.73719 0.01000 0.0637478480 0.0734134014 
9.73799 0.01000 0.0635302078 0.0731937836 
9.73878 0.01000 0.0633129779 0.0729745799 
9.73957 0.01000 0.0630961589 0.0727557909 
9.74036 0.01000 0.0628797083 0.0725373735 
9.74115 0.01000 0.0626636700 0.0723193722 
9.74194 0.01000 0.0624480447 0.0721017876 
9.74272 0.01000 0.0622327895 0.0718845766 
9.74351 0.01000 0.0620179052 0.0716677397 
9.74429 0.01000 0.0618034357 0.0714513216 
9.74507 0.01000 0.0615893384 0.0712352789 
9.74585 0.01000 0.0613755701 0.0710195682 
9.74663 0.01000 0.0611623059 0.0708043662 
9.74741 0.01000 0.0609493284 0.0705894535 
9.74819 0.01000 0.0607367253 0.0703749187 
9.74896 0.01000 0.0605245410 0.0701608064 
9.74974 0.01000 0.0603127762 0.0699471174 
9.75051 0.01000 0.0601013004 0.0697337201 
9.75128 0.01000 0.0598902452 0.0695207472 
9.75205 0.01000 0.0596796113 0.0693081994 
9.75282 0.01000 0.0594692681 0.0690959449 
9.75358 0.01000 0.0592593036 0.0688840727 
9.75435 0.01000 0.0590497623 0.0686726274 
9.75511 0.01000 0.0588405571 0.0684615213 
9.75587 0.01000 0.0586317325 0.0682507992 
9.75663 0.01000 0.0584232891 0.0680404618 
9.75739 0.01000 0.0582151396 0.0678304210 
9.75815 0.01000 0.0580074163 0.0676208103 
9.75891 0.01000 0.0578000320 0.0674115416 
9.75967 0.01000 0.0575930311 0.0672026599 
9.76042 0.01000 0.0573863704 0.0669941214 
9.76117 0.01000 0.0571800943 0.0667859710 
9.76193 0.01000 0.0569741155 0.0665781206 
9.76268 0.01000 0.0567685223 0.0663706593 
9.76343 0.01000 0.0565627869 0.0661630545 
9.76418 0.01000 0.0563578787 0.0659562844 
9.76492 0.01000 0.0561534020 0.0657499499 
9.76567 0.01000 0.0559492253 0.0655439179 
9.76641 0.01000 0.0557453488 0.0653381890 
9.76716 0.01000 0.0555419057 0.0651328973 
9.76790 0.01000 0.0553388082 0.0649279544 
9.76864 0.01000 0.0551360126 0.0647233161 
9.76938 0.01000 0.0549335636 0.0645190276 
9.77011 0.01000 0.0547315061 0.0643151341 
9.77085 0.01000 0.0545297077 0.0641115021 
9.77159 0.01000 0.0543283019 0.0639082662 
9.77232 0.01000 0.0541272447 0.0637053822 
9.77305 0.01000 0.0544585543 0.0635028507 
9.77379 0.01000 0.0542580508 0.0633006275 
9.77452 0.01000 0.0540578979 0.0630987577 
9.77525 0.01000 0.0538580514 0.0628971972 
9.77597 0.01000 0.0536586010 0.0626960360 
9.77670 0.01000 0.0534594582 0.0624951852 
9.77743 0.01000 0.0532606236 0.0622946451 
9.77815 0.01000 0.0530621419 0.0620944610 
9.77887 0.01000 0.0528639694 0.0618945887 
9.77960 0.01000 0.0526661955 0.0616951185 
9.78032 0.01000 0.0524686872 0.0614959161 
9.78104 0.01000 0.0522715340 0.0612970718 
9.78175 0.01000 0.0520746472 0.0610984963 
9.78247 0.01000 0.0518781611 0.0609003250 
9.78319 0.01000 0.0516856026 0.0607061148 
9.78390 0.01000 0.0514954585 0.0605143399 
9.78462 0.01000 0.0513056326 0.0603228857 
9.78533 0.01000 0.0511161698 0.0601317979 
9.78604 0.01000 0.0509269367 0.0599409417 
9.78675 0.01000 0.0507380677 0.0597504528 
9.78746 0.01000 0.0505494739 0.0595602413 
9.78817 0.01000 0.0503612452 0.0593703981 
9.78887 0.01000 0.0501732477 0.0591807881 
9.78958 0.01000 0.0499855713 0.0589915021 
9.79028 0.01000 0.0497982166 0.0588025404 
9.79099 0.01000 0.0496106907 0.0586134061 
9.79169 0.01000 0.0494196281 0.0584207046 
9.79239 0.01000 0.0492283459 0.0582277818 
9.79309 0.01000 0.0490379218 0.0580357244 
9.79379 0.01000 0.0488477281 0.0578438993 
9.79449 0.01000 0.0486578997 0.0576524428 
9.79518 0.01000 0.0484683475 0.0574612647 
9.79588 0.01000 0.0482791166 0.0572704108 
9.79657 0.01000 0.0480902077 0.0570798815 
9.79727 0.01000 0.0479015760 0.0568896319 
9.79796 0.01000 0.0477132221 0.0566996625 
9.79865 0.01000 0.0475251914 0.0565100190 
9.79934 0.01000 0.0473374393 0.0563206564 
9.80003 0.01000 0.0471462672 0.0561278447 
9.80072 0.01000 0.0469535210 0.0559334452 
9.80140 0.01000 0.0467611851 0.0557394596 
9.80209 0.01000 0.0465690342 0.0555456607 
9.80277 0.01000 0.0463772495 0.0553522310 
9.80346 0.01000 0.0461857862 0.0551591254 
9.80414 0.01000 0.0459945996 0.0549662990 
9.80482 0.01000 0.0458036900 0.0547737519 
9.80550 0.01000 0.0456131032 0.0545815304 
9.80618 0.01000 0.0454228396 0.0543896349 
9.80686 0.01000 0.0452328090 0.0541979744 
9.80753 0.01000 0.0450431025 0.0540066408 
9.80821 0.01000 0.0448537206 0.0538156344 
9.80888 0.01000 0.0446645729 0.0536248644 
9.80956 0.01000 0.0444757959 0.0534344683 
9.81023 0.01000 0.0442872541 0.0532443093 
9.81090 0.01000 0.0440990385 0.0530544793 
9.81157 0.01000 0.0439111042 0.0528649330 
9.81224 0.01000 0.0437234515 0.0526756709 
9.81291 0.01000 0.0435360810 0.0524866932 
9.81358 0.01000 0.0433489930 0.0522980005 
9.81425 0.01000 0.0431622334 0.0521096390 
9.81491 0.01000 0.0429757571 0.0519215633 
9.81558 0.01000 0.0427895190 0.0517337278 
9.81624 0.01000 0.0426036106 0.0515462248 
9.81690 0.01000 0.0424179412 0.0513589629 
9.81756 0.01000 0.0422325566 0.0511719882 
9.81822 0.01000 0.0420475031 0.0509853475 
9.81888 0.01000 0.0418626896 0.0507989488 
9.81954 0.01000 0.0416777054 0.0506123780 
9.82020 0.01000 0.0414934644 0.0504265567 
9.82086 0.01000 0.0413095103 0.0502410248 
9.82151 0.01000 0.0411257978 0.0500557365 
9.82217 0.01000 0.0409423730 0.0498707384 
9.82282 0.01000 0.0407592821 0.0496860771 
9.82347 0.01000 0.0405764339 0.0495016606 
9.82413 0.01000 0.0403938287 0.0493174892 
9.82478 0.01000 0.0402115128 0.0491336096 
9.82543 0.01000 0.0400294866 0.0489500221 
9.82607 0.01000 0.0398477046 0.0487666808 
9.82672 0.01000 0.0396662130 0.0485836325 
9.82737 0.01000 0.0394850121 0.0484008775 
9.82801 0.01000 0.0393040566 0.0482183699 
9.82866 0.01000 0.0391233467 0.0480361100 
9.82930 0.01000 0.0389429287 0.0478541446 
9.82995 0.01000 0.0387627571 0.0476724276 
9.83059 0.01000 0.0385829242 0.0474910522 
9.83123 0.01000 0.0384032923 0.0473098796 
9.83187 0.01000 0.0382239539 0.0471290030 
9.83251 0.01000 0.0380448172 0.0469483298 
9.83315 0.01000 0.0378660208 0.0467679998 
9.83378 0.01000 0.0376874268 0.0465878739 
9.83442 0.01000 0.0375091738 0.0464080920 
9.83506 0.01000 0.0373311239 0.0462285150 
9.83569 0.01000 0.0371533235 0.0460491896 
9.83632 0.01000 0.0369758192 0.0458701628 
9.83696 0.01000 0.0367985189 0.0456913417 
9.83759 0.01000 0.0366215616 0.0455128666 
9.83822 0.01000 0.0364447627 0.0453345513 
9.83885 0.01000 0.0362693716 0.0451576559 
9.83948 0.01000 0.0360941405 0.0449809217 
9.84010 0.01000 0.0359192084 0.0448044892 
9.84073 0.01000 0.0357445295 0.0446283120 
9.84136 0.01000 0.0355701040 0.0444523905 
9.84198 0.01000 0.0353958860 0.0442766782 
9.84261 0.01000 0.0352219685 0.0441012689 
9.84323 0.01000 0.0350483054 0.0439261163 
9.84385 0.01000 0.0348748508 0.0437511739 
9.84448 0.01000 0.0347016513 0.0435764889 
9.84510 0.01000 0.0345282427 0.0434015929 
9.84572 0.01000 0.0343552754 0.0432271421 
9.84634 0.01000 0.0341821922 0.0430525743 
9.84696 0.01000 0.0340093183 0.0428782176 
9.84757 0.01000 0.0338366542 0.0427040726 
9.84819 0.01000 0.0336642932 0.0425302332 
9.84880 0.01000 0.0334921891 0.0423566529 
9.84942 0.01000 0.0333202490 0.0421832381 
9.85003 0.01000 0.0331486131 0.0420101300 
9.85065 0.01000 0.0329772351 0.0418372820 
9.85126 0.01000 0.0328061152 0.0416646944 
9.85187 0.01000 0.0326351607 0.0414922735 
9.85248 0.01000 0.0324644649 0.0413201137 
9.85309 0.01000 0.0322940282 0.0411482152 
9.85370 0.01000 0.0321238511 0.0409765784 
9.85431 0.01000 0.0319538871 0.0408051565 
9.85491 0.01000 0.0317841363 0.0406339498 
9.85552 0.01000 0.0316146461 0.0404630058 
9.85612 0.01000 0.0314454165 0.0402923247 
9.85673 0.01000 0.0312764013 0.0401218598 
9.85733 0.01000 0.0311076006 0.0399516113 
9.85793 0.01000 0.0309390615 0.0397816266 
9.85854 0.01000 0.0307707377 0.0396118590 
9.85914 0.01000 0.0306026292 0.0394423087 
9.85974 0.01000 0.0304347834 0.0392730232 
9.86034 0.01000 0.0302672004 0.0391040029 
9.86094 0.01000 0.0300997869 0.0389351534 
9.86153 0.01000 0.0299326839 0.0387666171 
9.86213 0.01000 0.0297657038 0.0385982048 
9.86273 0.01000 0.0295989879 0.0384300589 
9.86332 0.01000 0.0294325364 0.0382621797 
9.86392 0.01000 0.0292663026 0.0380945201 
9.86451 0.01000 0.0291003339 0.0379271279 
9.86510 0.01000 0.0289345366 0.0377599085 
9.86569 0.01000 0.0287689578 0.0375929095 
9.86629 0.01000 0.0286035979 0.0374261313 
9.86688 0.01000 0.0284385042 0.0372596215 
9.86747 0.01000 0.0282736771 0.0370933807 
9.86805 0.01000 0.0281090698 0.0369273615 
9.86864 0.01000 0.0279446825 0.0367615643 
9.86923 0.01000 0.0277800909 0.0365955609 
9.86982 0.01000 0.0276161444 0.0364302082 
9.87040 0.01000 0.0274524188 0.0362650783 
9.87099 0.01000 0.0272889143 0.0361001714 
9.87157 0.01000 0.0271256785 0.0359355355 
9.87216 0.01000 0.0269626171 0.0357710755 
9.87274 0.01000 0.0267997304 0.0356067917 
9.87332 0.01000 0.0266371606 0.0354428275 
9.87390 0.01000 0.0264747660 0.0352790400 
9.87448 0.01000 0.0263125468 0.0351154294 
9.87506 0.01000 0.0261505507 0.0349520438 
9.87564 0.01000 0.0259888253 0.0347889313 
9.87622 0.01000 0.0258272761 0.0346259964 
9.87679 0.01000 0.0256659982 0.0344633352 
9.87737 0.01000 0.0255048495 0.0343008044 
9.87795 0.01000 0.0253439253 0.0341384999 
9.87852 0.01000 0.0251832732 0.0339764698 
9.87910 0.01000 0.0250227986 0.0338146187 
9.87967 0.01000 0.0248625016 0.0336529469 
9.88024 0.01000 0.0247024776 0.0334915504 
9.88081 0.01000 0.0245426318 0.0333303335 
9.88138 0.01000 0.0243830120 0.0331693446 
9.88195 0.01000 0.0242235709 0.0330085360 
9.88252 0.01000 0.0240644039 0.0328480037 
9.88309 0.01000 0.0239053684 0.0326876042 
9.88366 0.01000 0.0237465600 0.0325274336 
9.88423 0.01000 0.0235880265 0.0323675403 
9.88479 0.01000 0.0234296252 0.0322077804 
9.88536 0.01000 0.0232714994 0.0320482984 
9.88593 0.01000 0.0231134587 0.0318889020 
9.88649 0.01000 0.0229557416 0.0317298322 
9.88705 0.01000 0.0227982053 0.0315709447 
9.88762 0.01000 0.0226408502 0.0314122400 
9.88818 0.01000 0.0224836764 0.0312537180 
9.88874 0.01000 0.0223266842 0.0310953792 
9.88930 0.01000 0.0221699693 0.0309373202 
9.88986 0.01000 0.0220134364 0.0307794446 
9.89042 0.01000 0.0218570858 0.0306217530 
9.89098 0.01000 0.0217009655 0.0304642937 
9.89154 0.01000 0.0215450279 0.0303070186 
9.89209 0.01000 0.0213888902 0.0301495417 
9.89265 0.01000 0.0212333666 0.0299926840 
9.89321 0.01000 0.0210779784 0.0298359631 
9.89376 0.01000 0.0209228218 0.0296794757 
9.89432 0.01000 0.0207679450 0.0295232705 
9.89487 0.01000 0.0206139720 0.0293679768 
9.89542 0.01000 0.0204604718 0.0292131600 
9.89597 0.01000 0.0203070609 0.0290584333 
9.89653 0.01000 0.0201539315 0.0289039904 
9.89708 0.01000 0.0200009398 0.0287496865 
9.89763 0.01000 0.0198481821 0.0285956186 
9.89818 0.01000 0.0196956586 0.0284417869 
9.89872 0.01000 0.0195432735 0.0282880947 
9.89927 0.01000 0.0193910750 0.0281345908 
9.89982 0.01000 0.0192390633 0.0279812753 
9.90037 0.01000 0.0190872868 0.0278281970 
9.90091 0.01000 0.0189356495 0.0276752590 
9.90146 0.01000 0.0187828024 0.0275211009 
9.90200 0.01000 0.0186296601 0.0273666450 
9.90255 0.01000 0.0184768007 0.0272124746 
9.90309 0.01000 0.0183240800 0.0270584440 
9.90363 0.01000 0.0181715464 0.0269046020 
9.90417 0.01000 0.0180192001 0.0267509490 
9.90471 0.01000 0.0183806933 0.0265975824 
9.90526 0.01000 0.0182286455 0.0264443078 
9.90580 0.01000 0.0175634317 0.0262912715 
9.90633 0.01000 0.0179251626 0.0261383762 
9.90687 0.01000 0.0177736795 0.0259856709 
9.90741 0.01000 0.0176224335 0.0258332045 
9.90795 0.01000 0.0174713280 0.0256808799 
9.90848 0.01000 0.0173204117 0.0255287458 
9.90902 0.01000 0.0171697331 0.0253768515 
9.90955 0.01000 0.0170191956 0.0252250994 
9.91009 0.01000 0.0168688964 0.0250735875 
9.91062 0.01000 0.0167187387 0.0249222182 
9.91116 0.01000 0.0165687227 0.0247709918 
9.91169 0.01000 0.0164189456 0.0246200061 
9.91222 0.01000 0.0162693591 0.0244692127 
9.91275 0.01000 0.0161199634 0.0243186117 
9.91328 0.01000 0.0159707103 0.0241681543 
9.91381 0.01000 0.0158212596 0.0240174977 
9.91434 0.01000 0.0156724377 0.0238674750 
9.91487 0.01000 0.0155237102 0.0237175475 
9.91540 0.01000 0.0153751745 0.0235678134 
9.91593 0.01000 0.0152268796 0.0234183219 
9.91645 0.01000 0.0150787284 0.0232689753 
9.91698 0.01000 0.0149307209 0.0231197736 
9.91751 0.01000 0.0147829549 0.0229708154 
9.91803 0.01000 0.0146353331 0.0228220024 
9.91855 0.01000 0.0144879044 0.0226733842 
9.91908 0.01000 0.0143406691 0.0225249609 
9.91960 0.01000 0.0141935785 0.0223766835 
9.92012 0.01000 0.0140466817 0.0222286014 
9.92064 0.01000 0.0138999299 0.0220806656 
9.92117 0.01000 0.0137534212 0.0219329748 
9.92169 0.01000 0.0136070092 0.0217853814 
9.92221 0.01000 0.0134607917 0.0216379841 
9.92272 0.01000 0.0133148178 0.0214908324 
9.92324 0.01000 0.0131689411 0.0213437788 
9.92376 0.01000 0.0130232596 0.0211969218 
9.92428 0.01000 0.0128777245 0.0210502124 
9.92480 0.01000 0.0127323849 0.0209037002 
9.92531 0.01000 0.0125872412 0.0207573853 
9.92583 0.01000 0.0124422933 0.0206112680 
9.92634 0.01000 0.0122974927 0.0204652990 
9.92686 0.01000 0.0121528394 0.0203194785 
9.92737 0.01000 0.0120083827 0.0201738562 
9.92788 0.01000 0.0118640737 0.0200283829 
9.92839 0.01000 0.0117199616 0.0198831080 
9.92891 0.01000 0.0115759976 0.0197379824 
9.92942 0.01000 0.0114321327 0.0195929568 
9.92993 0.01000 0.0112885145 0.0194481797 
9.93044 0.01000 0.0111450940 0.0193036020 
9.93095 0.01000 0.0110018222 0.0191591743 
9.93146 0.01000 0.0108586995 0.0190148968 
9.93196 0.01000 0.0107157259 0.0188707696 
9.93247 0.01000 0.0105729508 0.0187268424 
9.93298 0.01000 0.0104303743 0.0185831156 
9.93349 0.01000 0.0102878984 0.0184394901 
9.93399 0.01000 0.0101455722 0.0182960156 
9.93450 0.01000 0.0100031006 0.0181523944 
9.93500 0.01000 0.0098610745 0.0180092223 
9.93551 0.01000 0.0097192479 0.0178662514 
9.93601 0.01000 0.0095775719 0.0177234323 
9.93651 0.01000 0.0094359973 0.0175807154 
9.93702 0.01000 0.0092946722 0.0174382500 
9.93752 0.01000 0.0091530045 0.0172954393 
9.93802 0.01000 0.0090113890 0.0171526811 
9.93852 0.01000 0.0088700232 0.0170101747 
9.93902 0.01000 0.0087288087 0.0168678208 
9.93952 0.01000 0.0085876961 0.0167255695 
9.94002 0.01000 0.0084467844 0.0165835209 
9.94052 0.01000 0.0083060244 0.0164416252 
9.94102 0.01000 0.0081654657 0.0162999324 
9.94151 0.01000 0.0080250096 0.0161583430 
9.94201 0.01000 0.0078848047 0.0160170069 
9.94251 0.01000 0.0077446532 0.0158757245 
9.94300 0.01000 0.0076047533 0.0157346958 
9.94350 0.01000 0.0074649565 0.0155937711 
9.94399 0.01000 0.0073253126 0.0154530005 
9.94449 0.01000 0.0071858713 0.0153124341 
9.94498 0.01000 0.0070465337 0.0151719722 
9.94547 0.01000 0.0069073990 0.0150317149 
9.94597 0.01000 0.0067684179 0.0148916124 
9.94646 0.01000 0.0066295409 0.0147516148 
9.94695 0.01000 0.0064909170 0.0146118725 
9.94744 0.01000 0.0063523975 0.0144722353 
9.94793 0.01000 0.0062140323 0.0143327537 
9.94842 0.01000 0.0060757717 0.0141933775 
9.94891 0.01000 0.0059377651 0.0140542574 
9.94940 0.01000 0.0057998634 0.0139152431 
9.94988 0.01000 0.0056621167 0.0137763849 
9.95037 0.01000 0.0055245249 0.0136376829 
9.95086 0.01000 0.0053870883 0.0134991374 
9.95134 0.01000 0.0052498071 0.0133607485 
9.95183 0.01000 0.0051126814 0.0132225164 
9.95232 0.01000 0.0049757113 0.0130844412 
9.95280 0.01000 0.0048388473 0.0129464729 
9.95328 0.01000 0.0047022389 0.0128087623 
9.95377 0.01000 0.0045664352 0.0126718628 
9.95429 0.01000 0.0044201103 0.0125243573 
9.95477 0.01000 0.0042851160 0.0123882738 
9.95526 0.01000 0.0041502792 0.0122523490 
9.95574 0.01000 0.0040155000 0.0121164824 
9.95622 0.01000 0.0038809784 0.0119808754 
9.95670 0.01000 0.0037465647 0.0118453772 
9.95718 0.01000 0.0036123090 0.0117100382 
9.95766 0.01000 0.0034781616 0.0115748083 
9.95814 0.01000 0.0033441724 0.0114397380 
9.95861 0.01000 0.0032103416 0.0113048275 
9.95909 0.01000 0.0030766696 0.0111700769 
9.95957 0.01000 0.0029428558 0.0110351834 
9.96005 0.01000 0.0028092008 0.0109004501 
9.96052 0.01000 0.0026756547 0.0107658264 
9.96100 0.01000 0.0025422676 0.0106313631 
9.96147 0.01000 0.0024090398 0.0104970603 
9.96195 0.01000 0.0022759713 0.0103629181 
9.96242 0.01000 0.0021430623 0.0102289367 
9.96289 0.01000 0.0020102127 0.0100950152 
9.96337 0.01000 0.0018775730 0.0099613053 
9.96384 0.01000 0.0017450432 0.0098277061 
9.96431 0.01000 0.0016127236 0.0096943190 
9.96478 0.01000 0.0014805142 0.0095610428 
9.96525 0.01000 0.0013484149 0.0094278777 
9.96572 0.01000 0.0012164762 0.0092948744 
9.96619 0.01000 0.0010846479 0.0091619824 
9.96666 0.01000 0.0009530308 0.0090293033 
9.96713 0.01000 0.0008215244 0.0088967359 
9.96760 0.01000 0.0006901791 0.0087643309 
9.96807 0.01000 0.0005589449 0.0086320378 
9.96854 0.01000 0.0004278721 0.0084999074 
9.96900 0.01000 0.0002969106 0.0083678892 
9.96947 0.01000 0.0001661108 0.0082360340 
9.96994 0.01000 0.0000354225 0.0081042912 
9.97040 0.01000 -0.0000950533 0.0079727627 
9.97087 0.01000 -0.0002254678 0.0078412959 
9.97133 0.01000 -0.0003556695 0.0077100437 
9.97179 0.01000 -0.0004858097 0.0075788535 
9.97226 0.01000 -0.0006157367 0.0074478781 
9.97272 0.01000 -0.0007456019 0.0073169651 
9.97322 0.01000 -0.0008859125 0.0071755224 
9.97368 0.01000 -0.0010154549 0.0070449348 
9.97414 0.01000 -0.0011448847 0.0069144607 
9.97460 0.01000 -0.0012741005 0.0067842022 
9.97506 0.01000 -0.0014032541 0.0066540066 
9.97552 0.01000 -0.0015321933 0.0065240270 
9.97598 0.01000 -0.0016610699 0.0063941105 
9.97644 0.01000 -0.0017897826 0.0062643593 
9.97690 0.01000 -0.0019183313 0.0061347735 
9.97736 0.01000 -0.0020468170 0.0060052510 
9.97782 0.01000 -0.0021751383 0.0058758943 
9.97827 0.01000 -0.0023032952 0.0057467034 
9.97873 0.01000 -0.0024313381 0.0056176274 
9.97919 0.01000 -0.0025592162 0.0054887175 
9.97964 0.01000 -0.0026869801 0.0053599227 
9.98010 0.01000 -0.0028146297 0.0052312432 
9.98055 0.01000 -0.0029421648 0.0051026790 
9.98101 0.01000 -0.0030695346 0.0049742815 
9.98146 0.01000 -0.0031967390 0.0048460508 
9.98191 0.01000 -0.0033238793 0.0047178847 
9.98237 0.01000 -0.0034508539 0.0045898856 
9.98282 0.01000 -0.0035776625 0.0044620538 
9.98327 0.01000 -0.0037044068 0.0043342868 
9.98372 0.01000 -0.0038309341 0.0042067387 
9.98417 0.01000 -0.0039573459 0.0040793069 
9.98462 0.01000 -0.0040836931 0.0039519403 
9.98507 0.01000 -0.0042098736 0.0038247416 
9.98552 0.01000 -0.0043358875 0.0036977110 
9.98597 0.01000 -0.0044618873 0.0035706946 
9.98642 0.01000 -0.0045876692 0.0034438978 
9.98687 0.01000 -0.0047133349 0.0033172181 
9.98731 0.01000 -0.0048388334 0.0031907071 
9.98776 0.01000 -0.0049642664 0.0030642620 
9.98821 0.01000 -0.0050895319 0.0029379857 
9.98865 0.01000 -0.0052146808 0.0028118271 
9.98910 0.01000 -0.0053396619 0.0026858375 
9.98955 0.01000 -0.0054645771 0.0025599144 
9.98999 0.01000 -0.0055893243 0.0024341607 
9.99044 0.01000 -0.0057139544 0.0023085250 
9.99088 0.01000 -0.0058384672 0.0021830076 
9.99136 0.01000 -0.0059729836 0.0020474059 
9.99180 0.01000 -0.0060972645 0.0019221222 
9.99224 0.01000 -0.0062214278 0.0017969570 
9.99269 0.01000 -0.0063453712 0.0016720136 
9.99313 0.01000 -0.0064692479 0.0015471374 
9.99357 0.01000 -0.0065929554 0.0014224317 
9.99401 0.01000 -0.0067165961 0.0012977934 
9.99445 0.01000 -0.0068400674 0.0011733259 
9.99489 0.01000 -0.0069634204 0.0010489776 
9.99533 0.01000 -0.0070866549 0.0009247488 
9.99577 0.01000 -0.0072097710 0.0008006394 
9.99621 0.01000 -0.0073327684 0.0006766495 
9.99665 0.01000 -0.0074555957 0.0005528312 
9.99708 0.01000 -0.0075783555 0.0004290809 
9.99752 0.01000 -0.0077009963 0.0003054505 
9.99796 0.01000 -0.0078234667 0.0001819920 
9.99839 0.01000 -0.0079458178 0.0000586536 
9.99883 0.01000 -0.0080680753 -0.0000645903 
9.99926 0.01000 -0.0081901877 -0.0001876879 
9.99970 0.01000 -0.0083121805 -0.0003106650 
10.00013 0.01000 -0.0084340793 -0.0004335475 
10.00057 0.01000 -0.0085558327 -0.0005562832 
10.00100 0.01000 -0.0086774919 -0.0006789240 
10.00144 0.01000 -0.0087989796 -0.0008013920 
10.00187 0.01000 -0.0089203729 -0.0009237648 
10.00230 0.01000 -0.0090416461 -0.0010460164 
10.00273 0.01000 -0.0091627988 -0.0011681466 
10.00316 0.01000 -0.0092838311 -0.0012901556 
10.00360 0.01000 -0.0094047429 -0.0014120429 
10.00403 0.01000 -0.0095255082 -0.0015337826 
10.00446 0.01000 -0.0096462043 -0.0016554525 
10.00489 0.01000 -0.0097667537 -0.0017769746 
10.00532 0.01000 -0.0098871821 -0.0018983746 
10.00574 0.01000 -0.0100074893 -0.0020196526 
10.00617 0.01000 -0.0101277012 -0.0021408344 
10.00660 0.01000 -0.0102477659 -0.0022618679 
10.00703 0.01000 -0.0103677092 -0.0023827789 
10.00746 0.01000 -0.0104875825 -0.0025036195 
10.00788 0.01000 -0.0106072826 -0.0026242854 
10.00831 0.01000 -0.0107269125 -0.0027448805 
10.00877 0.01000 -0.0108561915 -0.0028752026 
10.00920 0.01000 -0.0109755545 -0.0029955287 
10.00962 0.01000 -0.0110948212 -0.0031157577 
10.01005 0.01000 -0.0107152826 -0.0032358114 
10.01047 0.01000 -0.0108345460 -0.0033559765 
10.01089 0.01000 -0.0109545418 -0.0034768795 
10.01132 0.01000 -0.0110744155 -0.0035976595 
10.01174 0.01000 -0.0111941670 -0.0037183164 
10.01216 0.01000 -0.0113138223 -0.0038388764 
10.01259 0.01000 -0.0114333552 -0.0039593130 
10.01301 0.01000 -0.0115527916 -0.0040796524 
10.01343 0.01000 -0.0116720536 -0.0041998161 
10.01385 0.01000 -0.0117912447 -0.0043199084 
10.01427 0.01000 -0.0119103132 -0.0044398770 
10.01469 0.01000 -0.0120292587 -0.0045597219 
10.01511 0.01000 -0.0121481072 -0.0046794689 
10.01553 0.01000 -0.0122668327 -0.0047990920 
10.01595 0.01000 -0.0123854349 -0.0049185909 
10.01637 0.01000 -0.0125039139 -0.0050379656 
10.01679 0.01000 -0.0126219834 -0.0051569278 
10.01720 0.01000 -0.0127396692 -0.0052755034 
10.01762 0.01000 -0.0128572571 -0.0053939803 
10.01804 0.01000 -0.0129747209 -0.0055123322 
10.01846 0.01000 -0.0130920866 -0.0056305853 
10.01887 0.01000 -0.0132093021 -0.0057486869 
10.01929 0.01000 -0.0133264452 -0.0058667158 
10.01970 0.01000 -0.0134434640 -0.0059846192 
10.02012 0.01000 -0.0135603581 -0.0061023971 
10.02053 0.01000 -0.0136771537 -0.0062200757 
10.02095 0.01000 -0.0137938245 -0.0063376286 
10.02136 0.01000 -0.0139103966 -0.0064550820 
10.02177 0.01000 -0.0140290607 -0.0065746433 
10.02219 0.01000 -0.0141461399 -0.0066926077 
10.02260 0.01000 -0.0142630943 -0.0068104464 
10.02301 0.01000 -0.0143799239 -0.0069281592 
10.02342 0.01000 -0.0144966806 -0.0070457987 
10.02384 0.01000 -0.0146133123 -0.0071633122 
10.02425 0.01000 -0.0147298188 -0.0072806995 
10.02466 0.01000 -0.0148462523 -0.0073980133 
10.02507 0.01000 -0.0149625343 -0.0075151744 
10.02551 0.01000 -0.0150882345 -0.0076418250 
10.02592 0.01000 -0.0152043464 -0.0077588147 
10.02633 0.01000 -0.0153202802 -0.0078756251 
10.02674 0.01000 -0.0154361406 -0.0079923614 
10.02715 0.01000 -0.0155519012 -0.0081089973 
10.02755 0.01000 -0.0156675097 -0.0082254798 
10.02796 0.01000 -0.0157830444 -0.0083418880 
10.02837 0.01000 -0.0158984529 -0.0084581690 
10.02878 0.01000 -0.0160137613 -0.0085743492 
10.02918 0.01000 -0.0161289957 -0.0086904548 
10.02959 0.01000 -0.0162440774 -0.0088064066 
10.02999 0.01000 -0.0163590849 -0.0089222836 
10.03040 0.01000 -0.0164739395 -0.0090380066 
10.03080 0.01000 -0.0165887198 -0.0091536547 
10.03121 0.01000 -0.0167033731 -0.0092691748 
10.03161 0.01000 -0.0168179519 -0.0093846199 
10.03202 0.01000 -0.0169324037 -0.0094999370 
10.03242 0.01000 -0.0170467282 -0.0096151259 
10.03282 0.01000 -0.0171609780 -0.0097302395 
10.03323 0.01000 -0.0172751267 -0.0098452512 
10.03363 0.01000 -0.0173891479 -0.0099601344 
10.03403 0.01000 -0.0175030678 -0.0100749156 
10.03443 0.01000 -0.0176168863 -0.0101895946 
10.03483 0.01000 -0.0177306032 -0.0103041713 
10.03523 0.01000 -0.0178442187 -0.0104186457 
10.03563 0.01000 -0.0179577324 -0.0105330177 
10.03603 0.01000 -0.0180711181 -0.0106472607 
10.03643 0.01000 -0.0181844020 -0.0107614010 
10.03683 0.01000 -0.0182975839 -0.0108754387 
10.03723 0.01000 -0.0184106638 -0.0109893735 
10.03763 0.01000 -0.0185236680 -0.0111032320 
10.03803 0.01000 -0.0186365436 -0.0112169610 
10.03843 0.01000 -0.0187493169 -0.0113305869 
10.03882 0.01000 -0.0188619878 -0.0114441097 
10.03922 0.01000 -0.0189745563 -0.0115575292 
10.03962 0.01000 -0.0190870222 -0.0116708454 
10.04002 0.01000 -0.0191993855 -0.0117840582 
10.04041 0.01000 -0.0193116460 -0.0118971675 
10.04081 0.01000 -0.0194238037 -0.0120101732 
10.04120 0.01000 -0.0195358850 -0.0121231019 
10.04163 0.01000 -0.0196570331 -0.0122451659 
10.04202 0.01000 -0.0197688843 -0.0123578627 
10.04242 0.01000 -0.0198806058 -0.0124704290 
10.04281 0.01000 -0.0199922506 -0.0125829178 
10.04321 0.01000 -0.0201037919 -0.0126953025 
10.04360 0.01000 -0.0202152299 -0.0128075829 
10.04399 0.01000 -0.0203265643 -0.0129197591 
10.04438 0.01000 -0.0204377951 -0.0130318309 
10.04478 0.01000 -0.0205489487 -0.0131438248 
10.04517 0.01000 -0.0206599721 -0.0132556876 
10.04556 0.01000 -0.0207709180 -0.0133674723 
10.04595 0.01000 -0.0208817600 -0.0134791524 
10.04634 0.01000 -0.0209924981 -0.0135907277 
10.04673 0.01000 -0.0211031319 -0.0137021979 
10.04712 0.01000 -0.0212136881 -0.0138135900 
10.04751 0.01000 -0.0213241135 -0.0139248502 
10.04790 0.01000 -0.0214344611 -0.0140360321 
10.04829 0.01000 -0.0215447041 -0.0141471086 
10.04868 0.01000 -0.0216548427 -0.0142580799 
10.04907 0.01000 -0.0217648766 -0.0143689457 
10.04945 0.01000 -0.0218748323 -0.0144797328 
10.04984 0.01000 -0.0219846833 -0.0145904143 
10.05023 0.01000 -0.0220944294 -0.0147009901 
10.05062 0.01000 -0.0222040705 -0.0148114601 
10.05100 0.01000 -0.0223136332 -0.0149218512 
10.05139 0.01000 -0.0224231173 -0.0150321630 
10.05177 0.01000 -0.0225324430 -0.0151423153 
10.05216 0.01000 -0.0226417167 -0.0152524151 
10.05254 0.01000 -0.0227508849 -0.0153624087 
10.05293 0.01000 -0.0228599477 -0.0154722961 
10.05331 0.01000 -0.0229689316 -0.0155821039 
10.05370 0.01000 -0.0230778098 -0.0156918054 
10.05408 0.01000 -0.0231865823 -0.0158014003 
10.05447 0.01000 -0.0232952758 -0.0159109154 
10.05485 0.01000 -0.0234038633 -0.0160203239 
10.05523 0.01000 -0.0235123715 -0.0161296525 
10.05561 0.01000 -0.0236207470 -0.0162388475 
10.05600 0.01000 -0.0237290431 -0.0163479623 
10.05638 0.01000 -0.0238372597 -0.0164569970 
10.05676 0.01000 -0.0239453700 -0.0165659247 
10.05717 0.01000 -0.0240622375 -0.0166836758 
10.05755 0.01000 -0.0241701639 -0.0167924181 
10.05793 0.01000 -0.0242779837 -0.0169010531 
10.05831 0.01000 -0.0243857237 -0.0170096077 
10.05869 0.01000 -0.0244933303 -0.0171180278 
10.05907 0.01000 -0.0246008835 -0.0172263942 
10.05945 0.01000 -0.0247083031 -0.0173346260 
10.05983 0.01000 -0.0248156693 -0.0174428039 
10.06021 0.01000 -0.0249229285 -0.0175508740 
10.06059 0.01000 -0.0250300806 -0.0176588363 
10.06096 0.01000 -0.0251371523 -0.0177667175 
10.06134 0.01000 -0.0252441167 -0.0178744906 
10.06172 0.01000 -0.0253510006 -0.0179821825 
10.06210 0.01000 -0.0254578038 -0.0180897933 
10.06247 0.01000 -0.0255644996 -0.0181972957 
10.06285 0.01000 -0.0256711146 -0.0183047167 
10.06322 0.01000 -0.0257776487 -0.0184120563 
10.06360 0.01000 -0.0258840483 -0.0185192604 
10.06397 0.01000 -0.0259903669 -0.0186263828 
10.06435 0.01000 -0.0260966045 -0.0187334235 
10.06472 0.01000 -0.0262027609 -0.0188403826 
10.06510 0.01000 -0.0263088361 -0.0189472598 
10.06547 0.01000 -0.0264147764 -0.0190540010 
10.06584 0.01000 -0.0265206621 -0.0191606873 
10.06622 0.01000 -0.0266264396 -0.0192672645 
10.06659 0.01000 -0.0267321356 -0.0193737596 
10.06696 0.01000 -0.0268377232 -0.0194801455 
10.06734 0.01000 -0.0269432560 -0.0195864762 
10.06771 0.01000 -0.0270486802 -0.0196926975 
10.06808 0.01000 -0.0271539958 -0.0197988093 
10.06845 0.01000 -0.0272592295 -0.0199048386 
10.06882 0.01000 -0.0273643813 -0.0200107854 
10.06919 0.01000 -0.0274694512 -0.0201166497 
10.06956 0.01000 -0.0275744121 -0.0202224041 
10.06993 0.01000 -0.0276792908 -0.0203280758 
10.07030 0.01000 -0.0277840873 -0.0204336646 
10.07067 0.01000 -0.0278888016 -0.0205391706 
10.07104 0.01000 -0.0279934066 -0.0206445665 
10.07141 0.01000 -0.0280979293 -0.0207498794 
10.07178 0.01000 -0.0282023694 -0.0208551091 
10.07218 0.01000 -0.0283152741 -0.0209688674 
10.07254 0.01000 -0.0284195242 -0.0210739057 
10.07291 0.01000 -0.0285236647 -0.0211788335 
10.07328 0.01000 -0.0286277493 -0.0212837051 
10.07365 0.01000 -0.0287317512 -0.0213884933 
10.07401 0.01000 -0.0288356432 -0.0214931707 
10.07438 0.01000 -0.0289394792 -0.0215977918 
10.07474 0.01000 -0.0290431782 -0.0217022748 
10.07511 0.01000 -0.0291468211 -0.0218067013 
10.07548 0.01000 -0.0292503538 -0.0219110168 
10.07584 0.01000 -0.0293538303 -0.0220152756 
10.07621 0.01000 -0.0294571966 -0.0221194233 
10.07657 0.01000 -0.0295604794 -0.0222234870 
10.07693 0.01000 -0.0296637058 -0.0223274939 
10.07730 0.01000 -0.0297668217 -0.0224313894 
10.07766 0.01000 -0.0298698540 -0.0225352007 
10.07802 0.01000 -0.0299728027 -0.0226389277 
10.07839 0.01000 -0.0300756406 -0.0227425432 
10.07875 0.01000 -0.0301783948 -0.0228460742 
10.07911 0.01000 -0.0302810922 -0.0229495480 
10.07947 0.01000 -0.0303837057 -0.0230529374 
10.07984 0.01000 -0.0304862352 -0.0231562420 
10.08020 0.01000 -0.0305886536 -0.0232594348 
10.08056 0.01000 -0.0306909879 -0.0233625428 
10.08092 0.01000 -0.0307932381 -0.0234655660 
10.08128 0.01000 -0.0308954311 -0.0235685317 
10.08164 0.01000 -0.0309975127 -0.0236713850 
10.08200 0.01000 -0.0310995371 -0.0237741807 
10.08236 0.01000 -0.0312014499 -0.0238768640 
10.08272 0.01000 -0.0313033053 -0.0239794896 
10.08308 0.01000 -0.0314050219 -0.0240819752 
10.08344 0.01000 -0.0315067082 -0.0241844303 
10.08379 0.01000 -0.0316083098 -0.0242868000 
10.08415 0.01000 -0.0317097995 -0.0243890570 
10.08451 0.01000 -0.0318112043 -0.0244912285 
10.08487 0.01000 -0.0319125514 -0.0245933419 
10.08523 0.01000 -0.0320137864 -0.0246953423 
10.08558 0.01000 -0.0321149636 -0.0247972844 
10.08594 0.01000 -0.0322160285 -0.0248991133 
10.08629 0.01000 -0.0323170354 -0.0250008840 
10.08668 0.01000 -0.0324259873 -0.0251106596 
10.08704 0.01000 -0.0325255732 -0.0252109984 
10.08739 0.01000 -0.0326250459 -0.0253112232 
10.08775 0.01000 -0.0327244871 -0.0254114162 
10.08810 0.01000 -0.0328238695 -0.0255115500 
10.08846 0.01000 -0.0329231387 -0.0256115697 
10.08881 0.01000 -0.0330223216 -0.0257115024 
10.08916 0.01000 -0.0331214182 -0.0258113483 
10.08952 0.01000 -0.0332204286 -0.0259111073 
10.08987 0.01000 -0.0333193800 -0.0260108067 
10.09022 0.01000 -0.0334182448 -0.0261104191 
10.09058 0.01000 -0.0335170232 -0.0262099443 
10.09093 0.01000 -0.0336167251 -0.0263103999 
10.09128 0.01000 -0.0337171872 -0.0264116215 
10.09163 0.01000 -0.0338175361 -0.0265127291 
10.09199 0.01000 -0.0339178265 -0.0266137778 
10.09234 0.01000 -0.0340180309 -0.0267147398 
10.09269 0.01000 -0.0341181493 -0.0268156151 
10.09304 0.01000 -0.0342182090 -0.0269164313 
10.09339 0.01000 -0.0343181551 -0.0270171331 
10.09374 0.01000 -0.0344180425 -0.0271177757 
10.09409 0.01000 -0.0345178436 -0.0272183313 
10.09444 0.01000 -0.0346175583 -0.0273187999 
10.09479 0.01000 -0.0347172140 -0.0274192091 
10.09514 0.01000 -0.0348167833 -0.0275195311 
10.09549 0.01000 -0.0349162387 -0.0276197385 
10.09584 0.01000 -0.0350156622 -0.0277199137 
10.09618 0.01000 -0.0351149718 -0.0278199741 
10.09653 0.01000 -0.0352141946 -0.0279199471 
10.09688 0.01000 -0.0353133855 -0.0280198879 
10.09723 0.01000 -0.0354124622 -0.0281197137 
10.09757 0.01000 -0.0355114794 -0.0282194795 
10.09792 0.01000 -0.0356103822 -0.0283191301 
10.09827 0.01000 -0.0357092529 -0.0284187483 
10.09861 0.01000 -0.0358080091 -0.0285182511 
10.09896 0.01000 -0.0359066781 -0.0286176661 
10.09931 0.01000 -0.0360053149 -0.0287170486 
10.09965 0.01000 -0.0361038369 -0.0288163155 
10.10000 0.01000 -0.0362022716 -0.0289154945 
10.10037 0.01000 -0.0363087492 -0.0290227771 
10.10072 0.01000 -0.0364070385 -0.0291218094 
10.10106 0.01000 -0.0365052402 -0.0292207536 
10.10140 0.01000 -0.0366033818 -0.0293196372 
10.10175 0.01000 -0.0367014359 -0.0294184326 
10.10209 0.01000 -0.0367994022 -0.0295171396 
10.10243 0.01000 -0.0368973083 -0.0296157860 
10.10278 0.01000 -0.0369951541 -0.0297143715 
10.10312 0.01000 -0.0370928846 -0.0298128408 
10.10346 0.01000 -0.0371905546 -0.0299112493 
10.10381 0.01000 -0.0372881367 -0.0300095692 
10.10415 0.01000 -0.0373856582 -0.0301078280 
10.10449 0.01000 -0.0374830916 -0.0302059980 
10.10483 0.01000 -0.0375804645 -0.0303041071 
10.10517 0.01000 -0.0376777766 -0.0304021550 
10.10551 0.01000 -0.0377749729 -0.0305000861 
10.10585 0.01000 -0.0378721085 -0.0305979561 
10.10619 0.01000 -0.0379691557 -0.0306957370 
10.10653 0.01000 -0.0380661419 -0.0307934565 
10.10687 0.01000 -0.0381630397 -0.0308910868 
10.10721 0.01000 -0.0382598764 -0.0309886557 
10.10755 0.01000 -0.0383566246 -0.0310861353 
10.10789 0.01000 -0.0384533116 -0.0311835534 
10.10823 0.01000 -0.0385499099 -0.0312808820 
10.10857 0.01000 -0.0386464470 -0.0313781490 
10.10891 0.01000 -0.0387428952 -0.0314753264 
10.10924 0.01000 -0.0388392545 -0.0315724142 
10.10958 0.01000 -0.0389355525 -0.0316694402 
10.10992 0.01000 -0.0390317890 -0.0317664043 
10.11026 0.01000 -0.0391279364 -0.0318632787 
10.11059 0.01000 -0.0392240223 -0.0319600911 
10.11093 0.01000 -0.0393200467 -0.0320568415 
10.11127 0.01000 -0.0394159818 -0.0321535019 
10.11160 0.01000 -0.0395118276 -0.0322500723 
10.11194 0.01000 -0.0396075840 -0.0323465526 
10.11228 0.01000 -0.0397033063 -0.0324429986 
10.11261 0.01000 -0.0397989390 -0.0325393544 
10.11295 0.01000 -0.0398945100 -0.0326356479 
10.11328 0.01000 -0.0399899913 -0.0327318511 
10.11362 0.01000 -0.0400854106 -0.0328279918 
10.11398 0.01000 -0.0401885559 -0.0329319170 
10.11431 0.01000 -0.0402838252 -0.0330279065 
10.11464 0.01000 -0.0403790046 -0.0331238055 
10.11498 0.01000 -0.0404740941 -0.0332196139 
10.11531 0.01000 -0.0405691768 -0.0333154155 
10.11564 0.01000 -0.0406641140 -0.0334110705 
10.11598 0.01000 -0.0407590166 -0.0335066907 
10.11631 0.01000 -0.0408538292 -0.0336022200 
10.11664 0.01000 -0.0409486070 -0.0336977144 
10.11697 0.01000 -0.0410432668 -0.0337930899 
10.11731 0.01000 -0.0411378641 -0.0338884024 
10.11764 0.01000 -0.0412323988 -0.0339836518 
10.11797 0.01000 -0.0413268709 -0.0340788381 
10.11830 0.01000 -0.0414212525 -0.0341739333 
10.11863 0.01000 -0.0415155713 -0.0342689653 
10.11896 0.01000 -0.0416097996 -0.0343639060 
10.11929 0.01000 -0.0417039929 -0.0344588114 
10.11962 0.01000 -0.0413151308 -0.0345536254 
10.11995 0.01000 -0.0418921351 -0.0346483761 
10.12028 0.01000 -0.0415032140 -0.0347430352 
10.12061 0.01000 -0.0420799697 -0.0348376308 
10.12094 0.01000 -0.0416909893 -0.0349321349 
10.12127 0.01000 -0.0422675242 -0.0350266033 
10.12160 0.01000 -0.0418785399 -0.0351210082 
10.12192 0.01000 -0.0424547982 -0.0352152932 
10.12225 0.01000 -0.0420657538 -0.0353095425 
10.12258 0.01000 -0.0421592517 -0.0354036999 
10.12291 0.01000 -0.0422527142 -0.0354978216 
10.12323 0.01000 -0.0423460575 -0.0355918231 
10.12356 0.01000 -0.0424393651 -0.0356857889 
10.12389 0.01000 -0.0425325813 -0.0357796625 
10.12422 0.01000 -0.0426257339 -0.0358734721 
10.12454 0.01000 -0.0427188508 -0.0359672457 
10.12487 0.01000 -0.0428118481 -0.0360608989 
10.12519 0.01000 -0.0429048375 -0.0361545442 
10.12552 0.01000 -0.0429976794 -0.0362480408 
10.12584 0.01000 -0.0430905133 -0.0363415295 
10.12617 0.01000 -0.0431832274 -0.0364348975 
10.12649 0.01000 -0.0432759055 -0.0365282293 
10.12682 0.01000 -0.0433685197 -0.0366214966 
10.12717 0.01000 -0.0434686503 -0.0367223335 
10.12749 0.01000 -0.0435611100 -0.0368154453 
10.12782 0.01000 -0.0436535056 -0.0369084925 
10.12814 0.01000 -0.0437458090 -0.0370014469 
10.12846 0.01000 -0.0438380482 -0.0370943367 
10.12879 0.01000 -0.0439302231 -0.0371871617 
10.12911 0.01000 -0.0440223337 -0.0372799219 
10.12943 0.01000 -0.0441144079 -0.0373726455 
10.12976 0.01000 -0.0442063897 -0.0374652761 
10.13008 0.01000 -0.0442983071 -0.0375578417 
10.13040 0.01000 -0.0443901319 -0.0376503142 
10.13072 0.01000 -0.0444818921 -0.0377427216 
10.13104 0.01000 -0.0445735878 -0.0378350640 
10.13136 0.01000 -0.0446652469 -0.0379273695 
10.13168 0.01000 -0.0447567852 -0.0380195534 
10.13201 0.01000 -0.0448483148 -0.0381117286 
10.13233 0.01000 -0.0449397515 -0.0382038102 
10.13265 0.01000 -0.0450310954 -0.0382957984 
10.13297 0.01000 -0.0451224025 -0.0383877495 
10.13329 0.01000 -0.0452136447 -0.0384796351 
10.13361 0.01000 -0.0453047938 -0.0385714271 
10.13392 0.01000 -0.0453958779 -0.0386631536 
10.13424 0.01000 -0.0454869530 -0.0387548711 
10.13456 0.01000 -0.0455779070 -0.0388464665 
10.13488 0.01000 -0.0456687957 -0.0389379963 
10.13520 0.01000 -0.0457596192 -0.0390294604 
10.13552 0.01000 -0.0458503775 -0.0391208588 
10.13584 0.01000 -0.0459410705 -0.0392121914 
10.13615 0.01000 -0.0460316981 -0.0393034582 
10.13647 0.01000 -0.0461222604 -0.0393946592 
10.13679 0.01000 -0.0462127854 -0.0394858226 
10.13711 0.01000 -0.0463031885 -0.0395768634 
10.13742 0.01000 -0.0463935544 -0.0396678666 
10.13774 0.01000 -0.0464838828 -0.0397588321 
10.13805 0.01000 -0.0465741175 -0.0398497032 
10.13837 0.01000 -0.0466642864 -0.0399405081 
10.13869 0.01000 -0.0467543615 -0.0400312185 
10.13900 0.01000 -0.0468443991 -0.0401218910 
10.13932 0.01000 -0.0469343990 -0.0402125257 
10.13963 0.01000 -0.0470243049 -0.0403030658 
10.13997 0.01000 -0.0471215079 -0.0404009543 
10.14029 0.01000 -0.0472112835 -0.0404913631 
10.14060 0.01000 -0.0473009932 -0.0405817054 
10.14092 0.01000 -0.0473906368 -0.0406719814 
10.14123 0.01000 -0.0474802144 -0.0407621907 
10.14154 0.01000 -0.0475697258 -0.0408523335 
10.14186 0.01000 -0.0476591711 -0.0409424096 
10.14217 0.01000 -0.0477485785 -0.0410324475 
10.14248 0.01000 -0.0478378631 -0.0411223619 
10.14280 0.01000 -0.0479271097 -0.0412122379 
10.14311 0.01000 -0.0480163182 -0.0413020756 
10.14342 0.01000 -0.0481054321 -0.0413918180 
10.14373 0.01000 -0.0481945078 -0.0414815219 
10.14405 0.01000 -0.0482834888 -0.0415711305 
10.14436 0.01000 -0.0483724598 -0.0416607290 
10.14467 0.01000 -0.0484613077 -0.0417502036 
10.14498 0.01000 -0.0485501173 -0.0418396396 
10.14529 0.01000 -0.0486388603 -0.0419290084 
10.14560 0.01000 -0.0487275366 -0.0420183102 
10.14591 0.01000 -0.0488161462 -0.0421075447 
10.14622 0.01000 -0.0489047173 -0.0421967405 
10.14653 0.01000 -0.0489931933 -0.0422858405 
10.14684 0.01000 -0.0490816308 -0.0423749017 
10.14715 0.01000 -0.0491700013 -0.0424638955 
10.14746 0.01000 -0.0492583049 -0.0425528220 
10.14777 0.01000 -0.0493465416 -0.0426416809 
10.14808 0.01000 -0.0494346828 -0.0427304438 
10.14839 0.01000 -0.0495228137 -0.0428191963 
10.14870 0.01000 -0.0496108775 -0.0429078812 
10.14901 0.01000 -0.0496988741 -0.0429964985 
10.14932 0.01000 -0.0497867752 -0.0430850195 
10.14962 0.01000 -0.0498746374 -0.0431735014 
10.14993 0.01000 -0.0499624323 -0.0432619155 
10.15024 0.01000 -0.0500501599 -0.0433502618 
10.15055 0.01000 -0.0501378485 -0.0434385689 
10.15085 0.01000 -0.0502254697 -0.0435268080 
10.15116 0.01000 -0.0503130235 -0.0436149793 
10.15147 0.01000 -0.0504005097 -0.0437030826 
10.15177 0.01000 -0.0504879284 -0.0437911178 
