7.00000 0.00400 1.0538852745 1.3001213802 
7.30103 0.00400 0.9482871781 1.0738157982 
7.47712 0.00400 0.8797962406 0.9694510927 
7.60206 0.00400 0.8297359733 0.9010614400 
7.69897 0.00400 0.7906721851 0.8479884863 
7.77815 0.00400 0.7574137851 0.8089959611 
7.84510 0.00400 0.7306234618 0.7768445302 
7.90309 0.00400 0.7067637482 0.7496516578 
7.95424 0.00400 0.6854590289 0.7260412903 
8.00000 0.00400 0.6668451223 0.7052320366 
8.04139 0.00400 0.6495298063 0.6866547738 
8.07918 0.00400 0.6348061249 0.6698913866 
8.11394 0.00400 0.6199673932 0.6547341947 
8.14613 0.00400 0.6072154104 0.6408700743 
8.17609 0.00400 0.5953539419 0.6279288054 
8.20412 0.00400 0.5835619197 0.6158960069 
8.23045 0.00400 0.5733299595 0.6046360148 
8.25527 0.00400 0.5631871653 0.5942913997 
8.27875 0.00400 0.5536736080 0.5845885420 
8.30103 0.00400 0.5455117464 0.5754604697 
8.32222 0.00400 0.5370726169 0.5668578078 
8.34242 0.00400 0.5290261413 0.5586554087 
8.36173 0.00400 0.5206405959 0.5508982404 
8.38021 0.00400 0.5133909204 0.5435043112 
8.39794 0.00400 0.5064372627 0.5364122899 
8.41497 0.00400 0.4997792865 0.5296218336 
8.43136 0.00400 0.4934304472 0.5231466652 
8.44716 0.00400 0.4873125540 0.5169070385 
8.46240 0.00400 0.4814093261 0.5108863484 
8.47712 0.00400 0.4757164704 0.5050802165 
8.49136 0.00400 0.4696175891 0.4996250947 
8.50515 0.00400 0.4644413910 0.4943432060 
8.51851 0.00400 0.4594244480 0.4892238242 
8.53148 0.00400 0.4545572968 0.4842572926 
8.54407 0.00400 0.4490911567 0.4794347407 
8.55630 0.00400 0.4445542907 0.4748028739 
8.56820 0.00400 0.4401883720 0.4703455340 
8.57978 0.00400 0.4352055319 0.4660070814 
8.59106 0.00400 0.4310685811 0.4617813457 
8.60206 0.00400 0.4270363508 0.4576625780 
8.61278 0.00400 0.4223765201 0.4536455335 
8.62325 0.00400 0.4185406120 0.4497252982 
8.63347 0.00400 0.4148336274 0.4459368206 
8.64345 0.00400 0.4105673180 0.4423141017 
8.65321 0.00400 0.4071039463 0.4387727820 
8.66276 0.00400 0.4029987236 0.4353093390 
8.67210 0.00400 0.3996860406 0.4319203660 
8.68124 0.00400 0.3964430995 0.4286027410 
8.69020 0.00400 0.3925539999 0.4253535309 
8.69897 0.00400 0.3894436573 0.4221699288 
8.70757 0.00400 0.3856850801 0.4190494237 
8.71600 0.00400 0.3826971012 0.4159895007 
8.72428 0.00400 0.3797857886 0.4130080898 
8.73239 0.00400 0.3762252216 0.4100841712 
8.74036 0.00400 0.3734244677 0.4072145109 
8.74819 0.00400 0.3706721577 0.4043944865 
8.75587 0.00400 0.3679705641 0.4016264263 
8.76343 0.00400 0.3646161337 0.3989064878 
8.77085 0.00400 0.3620082087 0.3962330304 
8.77815 0.00400 0.3594408571 0.3936011659 
8.78533 0.00400 0.3562233318 0.3910161315 
8.79239 0.00400 0.3537439142 0.3884731064 
8.79934 0.00400 0.3513041497 0.3859707518 
8.80618 0.00400 0.3488997603 0.3835046797 
8.81291 0.00400 0.3458447863 0.3810799424 
8.81954 0.00400 0.3435870685 0.3787631160 
8.82607 0.00400 0.3414021379 0.3765209823 
8.83251 0.00400 0.3385593705 0.3743092869 
8.83885 0.00400 0.3364393911 0.3721326876 
8.84510 0.00400 0.3343332574 0.3699703038 
8.85126 0.00400 0.3315566746 0.3678220928 
8.85733 0.00400 0.3294919814 0.3657011669 
8.86332 0.00400 0.3274583932 0.3636121933 
8.86923 0.00400 0.3247636349 0.3615437050 
8.87506 0.00400 0.3227646402 0.3594892112 
8.88081 0.00400 0.3207896759 0.3574594149 
8.88649 0.00400 0.3188429910 0.3554586833 
8.89209 0.00400 0.3162443242 0.3534837470 
8.89763 0.00400 0.3143384839 0.3515239863 
8.90309 0.00400 0.3124140989 0.3495451562 
8.90849 0.00400 0.3105160495 0.3475934069 
8.91381 0.00400 0.3086413247 0.3456656420 
8.91908 0.00400 0.3067892705 0.3437611892 
8.92428 0.00400 0.3049582981 0.3418784145 
8.92942 0.00400 0.3031542871 0.3400233641 
8.93450 0.00400 0.3007019490 0.3381900134 
8.93952 0.00400 0.2989405619 0.3363778606 
8.94448 0.00400 0.2971970415 0.3345840895 
8.94939 0.00400 0.2954754757 0.3328129057 
8.95424 0.00400 0.2938102075 0.3310996422 
8.95904 0.00400 0.2921733216 0.3294155789 
8.96379 0.00400 0.2905522569 0.3277477928 
8.96848 0.00400 0.2882874014 0.3261001624 
8.97313 0.00400 0.2867038639 0.3244701462 
8.97772 0.00400 0.2851370805 0.3228573759 
8.98227 0.00400 0.2836325284 0.3213086634 
8.98677 0.00400 0.2815258876 0.3198198090 
8.99123 0.00400 0.2800950639 0.3183462302 
8.99564 0.00400 0.2786788048 0.3168876511 
9.00000 0.00400 0.2766168896 0.3154418362 
9.00432 0.00400 0.2752291033 0.3140118441 
9.00860 0.00400 0.2738549323 0.3125958813 
9.01284 0.00400 0.2723894773 0.3110858583 
9.01703 0.00400 0.2707779863 0.3094253581 
9.02119 0.00400 0.2691818793 0.3077807096 
9.02531 0.00400 0.2676009577 0.3061517085 
9.02938 0.00400 0.2660348177 0.3045379384 
9.03342 0.00400 0.2651351421 0.3029392834 
9.03743 0.00400 0.2635971793 0.3013553639 
9.04139 0.00400 0.2621952330 0.2999115253 
9.04532 0.00400 0.2601908057 0.2985161961 
9.04922 0.00400 0.2588487713 0.2971333473 
9.05308 0.00400 0.2575186737 0.2957627983 
9.05690 0.00400 0.2562003083 0.2944043382 
9.06070 0.00400 0.2548934658 0.2930577516 
9.06446 0.00400 0.2535979073 0.2917227921 
9.06818 0.00400 0.2523134922 0.2903993149 
9.07188 0.00400 0.2510669827 0.2891148961 
9.07554 0.00400 0.2498385289 0.2878490821 
9.07918 0.00400 0.2479767342 0.2865938585 
9.08278 0.00400 0.2467692720 0.2853490329 
9.08636 0.00400 0.2455717577 0.2841144630 
9.08990 0.00400 0.2443840245 0.2828899767 
9.09342 0.00400 0.2432059023 0.2816753990 
9.09691 0.00400 0.2420372444 0.2804705785 
9.10037 0.00400 0.2408778751 0.2792753338 
9.10380 0.00400 0.2396338712 0.2779928358 
9.10721 0.00400 0.2383250479 0.2766435125 
9.11059 0.00400 0.2370263721 0.2753046508 
9.11394 0.00400 0.2357377635 0.2739761678 
9.11727 0.00400 0.2344590054 0.2726578400 
9.12057 0.00400 0.2338259505 0.2713495232 
9.12385 0.00400 0.2325658478 0.2700510978 
9.12710 0.00400 0.2313151717 0.2687623856 
9.13033 0.00400 0.2300738275 0.2674832893 
9.13353 0.00400 0.2289062222 0.2662801743 
9.13671 0.00400 0.2277671380 0.2651064479 
9.13987 0.00400 0.2266363497 0.2639412696 
9.14301 0.00400 0.2255137128 0.2627844907 
9.14613 0.00400 0.2243968252 0.2616336358 
9.14922 0.00400 0.2232902085 0.2604933643 
9.15229 0.00400 0.2221913799 0.2593611178 
9.15534 0.00400 0.2211002697 0.2582368242 
9.15836 0.00400 0.2200167784 0.2571203814 
9.16137 0.00400 0.2195690971 0.2560116565 
9.16435 0.00400 0.2184756421 0.2548855274 
9.16732 0.00400 0.2173403874 0.2537163495 
9.17026 0.00400 0.2162128036 0.2525550718 
9.17318 0.00400 0.2150928198 0.2514016212 
9.17609 0.00400 0.2139803351 0.2502558938 
9.17897 0.00400 0.2128752187 0.2491177549 
9.18184 0.00400 0.2124017284 0.2479871550 
9.18469 0.00400 0.2113105565 0.2468639560 
9.18752 0.00400 0.2102264662 0.2457480463 
9.19033 0.00400 0.2091494336 0.2446394015 
9.19312 0.00400 0.2080793190 0.2435378778 
9.19590 0.00400 0.2071557527 0.2280429261 
9.19865 0.00400 0.2060921752 0.2269609456 
9.20139 0.00400 0.2050353196 0.2258858035 
9.20412 0.00400 0.2045978363 0.2248174337 
9.20682 0.00400 0.2035536069 0.2237556766 
9.20951 0.00400 0.2025158436 0.2227004941 
9.21218 0.00400 0.2014844777 0.2216518163 
9.21484 0.00400 0.2004593777 0.2206095097 
9.21748 0.00400 0.1994405643 0.2195735951 
9.22010 0.00400 0.1990350781 0.2185414952 
9.22271 0.00400 0.1980321465 0.2175222475 
9.22530 0.00400 0.1970357675 0.2165096590 
9.22788 0.00400 0.1960453413 0.2155031201 
9.23044 0.00400 0.1950606660 0.2145024257 
9.23299 0.00400 0.1940818491 0.2135076849 
9.23552 0.00400 0.1937152488 0.2125186902 
9.23804 0.00400 0.1927472607 0.2115354543 
9.24054 0.00400 0.1917848287 0.2105578621 
9.24303 0.00400 0.1908279640 0.2095859248 
9.24551 0.00400 0.1898764881 0.2086194612 
9.24797 0.00400 0.1889304419 0.2076585129 
9.25041 0.00400 0.1885974483 0.2067071098 
9.25285 0.00400 0.1877040183 0.2058000674 
9.25527 0.00400 0.1868097048 0.2048921279 
9.25768 0.00400 0.1859106801 0.2039794056 
9.26007 0.00400 0.1850190912 0.2030742323 
9.26245 0.00400 0.1841471540 0.2021890101 
9.26482 0.00400 0.1832799800 0.2013086237 
9.26717 0.00400 0.1824174734 0.2004329757 
9.26951 0.00400 0.1815596336 0.1995620658 
9.27184 0.00400 0.1813060756 0.1986958604 
9.27416 0.00400 0.1804569423 0.1978342272 
9.27646 0.00400 0.1796123451 0.1969771969 
9.27875 0.00400 0.1787721842 0.1961246682 
9.28103 0.00400 0.1779364567 0.1952766380 
9.28330 0.00400 0.1771062024 0.1944341617 
9.28556 0.00400 0.1762631610 0.1935787101 
9.28780 0.00400 0.1754244790 0.1927276820 
9.29003 0.00400 0.1745901200 0.1918810405 
9.29225 0.00400 0.1743558310 0.1910387145 
9.29446 0.00400 0.1735151899 0.1901861312 
9.29666 0.00400 0.1726782426 0.1893372943 
9.29885 0.00400 0.1718455434 0.1884927658 
9.30103 0.00400 0.1710209310 0.1876564389 
9.30319 0.00400 0.1702118589 0.1868358731 
9.30535 0.00400 0.1700001163 0.1860193877 
9.30749 0.00400 0.1691985765 0.1852068735 
9.30963 0.00400 0.1684010459 0.1843984233 
9.31175 0.00400 0.1676073824 0.1835938932 
9.31386 0.00400 0.1668176102 0.1827933077 
9.31597 0.00400 0.1660366575 0.1820016625 
9.31806 0.00400 0.1653143728 0.1812694884 
9.32014 0.00400 0.1645955864 0.1805408607 
9.32222 0.00400 0.1638802170 0.1798156966 
9.32428 0.00400 0.1631682159 0.1790939471 
9.32633 0.00400 0.1624596021 0.1783756311 
9.32838 0.00400 0.1617543264 0.1776606990 
9.33041 0.00400 0.1610523394 0.1769491006 
9.33243 0.00400 0.1603500852 0.1762372314 
9.33445 0.00400 0.1602363373 0.1755258177 
9.33645 0.00400 0.1595373978 0.1748176676 
9.33845 0.00400 0.1588416970 0.1741127990 
9.34044 0.00400 0.1581491842 0.1734111603 
9.34242 0.00400 0.1574580570 0.1727109254 
9.34439 0.00400 0.1567746855 0.1720185486 
9.34635 0.00400 0.1560967322 0.1713316613 
9.34830 0.00400 0.1554218789 0.1706479148 
9.35025 0.00400 0.1547500037 0.1699671857 
9.35218 0.00400 0.1540821606 0.1692905418 
9.35411 0.00400 0.1534311580 0.1686309604 
9.35603 0.00400 0.1527829833 0.1679742441 
9.35793 0.00400 0.1521376853 0.1673204425 
9.35983 0.00400 0.1514952091 0.1666694997 
9.36173 0.00400 0.1508555687 0.1660214302 
9.36361 0.00400 0.1502186736 0.1653761422 
9.36549 0.00400 0.1490018443 0.1647336140 
9.36735 0.00400 0.1483708006 0.1640939303 
9.36921 0.00400 0.1477423666 0.1634568919 
9.37107 0.00400 0.1465349581 0.1628226186 
9.37291 0.00400 0.1459409804 0.1622202028 
9.37475 0.00400 0.1447734833 0.1616254788 
9.37657 0.00400 0.1441898583 0.1610332623 
9.37840 0.00400 0.1436087157 0.1604435648 
9.38021 0.00400 0.1424497425 0.1598562902 
9.38201 0.00400 0.1418737140 0.1592714851 
9.38381 0.00400 0.1407204238 0.1586890890 
9.38560 0.00400 0.1401494060 0.1581090765 
9.38739 0.00400 0.1395807808 0.1575314943 
9.38916 0.00400 0.1383960384 0.1569159536 
9.39093 0.00400 0.1377685191 0.1562782255 
9.39269 0.00400 0.1371347726 0.1556341690 
9.39445 0.00400 0.1359257580 0.1549926705 
9.39620 0.00400 0.1352973778 0.1543537428 
9.39794 0.00400 0.1340943914 0.1537173986 
9.39967 0.00400 0.1334713511 0.1530835780 
9.40140 0.00400 0.1322743251 0.1524523298 
9.40312 0.00400 0.1316565614 0.1518235571 
9.40483 0.00400 0.1304653551 0.1511972720 
9.40654 0.00400 0.1298526956 0.1505733767 
9.40824 0.00400 0.1286672386 0.1499519929 
9.40993 0.00400 0.1280597248 0.1493330224 
9.41162 0.00400 0.1268980481 0.1487349302 
9.41330 0.00400 0.1263172325 0.1481428597 
9.41497 0.00400 0.1251631160 0.1475515658 
9.41664 0.00400 0.1245870190 0.1469640056 
9.41830 0.00400 0.1234396369 0.1463786800 
9.41996 0.00400 0.1228682598 0.1457956362 
9.42160 0.00400 0.1217261624 0.1452148103 
9.42325 0.00400 0.1211593588 0.1446361380 
9.42488 0.00400 0.1200224309 0.1440597033 
9.42651 0.00400 0.1194601621 0.1434853674 
9.42813 0.00400 0.1183216530 0.1429064337 
9.42975 0.00400 0.1177389390 0.1423109095 
9.43136 0.00400 0.1171627356 0.1417220391 
9.43297 0.00400 0.1160181542 0.1411356984 
9.43457 0.00400 0.1154468017 0.1405514867 
9.43616 0.00400 0.1143072709 0.1399694138 
9.43775 0.00400 0.1137404012 0.1393894892 
9.43933 0.00400 0.1131755673 0.1388116474 
9.44091 0.00400 0.1120434127 0.1382359355 
9.44248 0.00400 0.1114829652 0.1376622874 
9.44404 0.00400 0.1103557133 0.1370907125 
9.44560 0.00400 0.1097995735 0.1365211821 
9.44716 0.00400 0.1092454389 0.1359537051 
9.44870 0.00400 0.1081206789 0.1353835146 
9.45025 0.00400 0.1075498896 0.1347986824 
9.45178 0.00400 0.1177615168 0.1342158741 
9.45332 0.00400 0.1058472195 0.1336351752 
9.45484 0.00400 0.1052827102 0.1330564808 
9.45636 0.00400 0.1166171892 0.1324798383 
9.45788 0.00400 0.1171830518 0.1319051802 
9.45939 0.00400 0.1171837847 0.1313325155 
9.46090 0.00400 0.1166202971 0.1307618916 
9.46240 0.00400 0.1160586821 0.1301931638 
9.46389 0.00400 0.1160641195 0.1296264176 
9.46538 0.00400 0.1155157959 0.1290714309 
9.46686 0.00400 0.1149753316 0.1285243989 
9.46834 0.00400 0.1144367379 0.1279792603 
9.46982 0.00400 0.1138999467 0.1274359460 
9.47129 0.00400 0.1139286945 0.1268944637 
9.47275 0.00400 0.1133952227 0.1263547825 
9.47421 0.00400 0.1128807754 0.1258343471 
9.47567 0.00400 0.1123925543 0.1253404434 
9.47712 0.00400 0.1119046220 0.1248468317 
9.47857 0.00400 0.1114196320 0.1243561965 
9.48001 0.00400 0.1109361712 0.1238671084 
9.48144 0.00400 0.1104543610 0.1233796901 
9.48287 0.00400 0.1099741305 0.1228938698 
9.48430 0.00400 0.1094954468 0.1224096145 
9.48572 0.00400 0.1090183546 0.1219269690 
9.48714 0.00400 0.1085428209 0.1214459003 
9.48855 0.00400 0.1080688128 0.1209663749 
9.48996 0.00400 0.1075765979 0.1204684307 
9.49136 0.00400 0.1076425292 0.1199683439 
9.49276 0.00400 0.1071495536 0.1194698825 
9.49415 0.00400 0.1066581529 0.1189730135 
9.49554 0.00400 0.1061683331 0.1184777430 
9.49693 0.00400 0.1056801003 0.1179840771 
9.49831 0.00400 0.1051934214 0.1174919825 
9.49969 0.00400 0.1047082241 0.1170013860 
9.50106 0.00400 0.1042245925 0.1165123725 
9.50243 0.00400 0.1037424539 0.1160248687 
9.50379 0.00400 0.1032779423 0.1155551880 
9.50515 0.00400 0.1028284834 0.1151007276 
9.50650 0.00400 0.1023804806 0.1146477393 
9.50785 0.00400 0.1019338600 0.1141961488 
9.50920 0.00400 0.1014886266 0.1137459608 
9.51054 0.00400 0.1010447456 0.1132971403 
9.51188 0.00400 0.1006022612 0.1128497320 
9.51322 0.00400 0.1001610992 0.1124036608 
9.51455 0.00400 0.0997213433 0.1119590112 
9.51587 0.00400 0.0992829190 0.1115157081 
9.51719 0.00400 0.0988457515 0.1110736759 
9.51851 0.00400 0.0984100040 0.1106330794 
9.51983 0.00400 0.0979755222 0.1101937627 
9.52114 0.00400 0.0980975455 0.1097558107 
9.52244 0.00400 0.0976654694 0.1093191473 
9.52374 0.00400 0.0972373041 0.1088864362 
9.52504 0.00400 0.0968116648 0.1084562781 
9.52634 0.00400 0.0963872414 0.1080273487 
9.52763 0.00400 0.0959641178 0.1075997329 
9.52891 0.00400 0.0955422182 0.1071733540 
9.53020 0.00400 0.0951215867 0.1067482568 
9.53148 0.00400 0.0947011046 0.1063233104 
9.53275 0.00400 0.0942828198 0.1059005849 
9.53403 0.00400 0.0938601093 0.1054733865 
9.53529 0.00400 0.0934386318 0.1050474343 
9.53656 0.00400 0.0930183508 0.1046226913 
9.53782 0.00400 0.0925993108 0.1041992024 
9.53908 0.00400 0.0921814753 0.1037769308 
9.54033 0.00400 0.0917648483 0.1033558806 
9.54158 0.00400 0.0913493933 0.1029360148 
9.54282 0.00400 0.0909351545 0.1025173781 
9.54407 0.00400 0.0905220953 0.1020999336 
9.54531 0.00400 0.0901102196 0.1016836851 
9.54654 0.00400 0.0897051708 0.1012743359 
9.54777 0.00400 0.0893038009 0.1008687047 
9.54900 0.00400 0.0889035190 0.1004641732 
9.55023 0.00400 0.0885043695 0.1000607859 
9.55145 0.00400 0.0881063962 0.0996585875 
9.55267 0.00400 0.0877094808 0.0992574581 
9.55388 0.00400 0.0873137080 0.0988574835 
9.55509 0.00400 0.0869190405 0.0984586259 
9.55630 0.00400 0.0865254408 0.0980608474 
9.55751 0.00400 0.0861329530 0.0976641926 
9.55871 0.00400 0.0857414987 0.0972685824 
9.55990 0.00400 0.0853512040 0.0968741439 
9.56110 0.00400 0.0849619492 0.0964807566 
9.56229 0.00400 0.0845737786 0.0960884649 
9.56348 0.00400 0.0841866956 0.0956972722 
9.56466 0.00400 0.0838005797 0.0953070571 
9.56585 0.00400 0.0834155577 0.0949179473 
9.56702 0.00400 0.0830315914 0.0945299046 
9.56820 0.00400 0.0826486841 0.0941429320 
9.56937 0.00400 0.0822667563 0.0937569494 
9.57054 0.00400 0.0818859348 0.0933720848 
9.57171 0.00400 0.0815060576 0.0929881745 
9.57287 0.00400 0.0811272516 0.0926053468 
9.57403 0.00400 0.0807493955 0.0922234791 
9.57519 0.00400 0.0803826922 0.0918528826 
9.57634 0.00400 0.0800222738 0.0914886377 
9.57749 0.00400 0.0796628820 0.0911254303 
9.57864 0.00400 0.0793030645 0.0907617927 
9.57978 0.00400 0.0789358317 0.0903906610 
9.58092 0.00400 0.0785705332 0.0900214842 
9.58206 0.00400 0.0782061740 0.0896532568 
9.58320 0.00400 0.0778428404 0.0892860657 
9.58433 0.00400 0.0774803681 0.0889197451 
9.58546 0.00400 0.0771188849 0.0885544242 
9.58659 0.00400 0.0767583101 0.0881900211 
9.58771 0.00400 0.0763986878 0.0878265809 
9.58883 0.00400 0.0760399790 0.0874640637 
9.58995 0.00400 0.0756822281 0.0871025147 
9.59106 0.00400 0.0753286681 0.0867452010 
9.59218 0.00400 0.0749805273 0.0863933640 
9.59329 0.00400 0.0746333648 0.0860425158 
9.59439 0.00400 0.0742870150 0.0856924889 
9.59550 0.00400 0.0739416065 0.0853434132 
9.59660 0.00400 0.0735970574 0.0849952061 
9.59769 0.00400 0.0732533700 0.0846478699 
9.59879 0.00400 0.0729105466 0.0843014068 
9.59988 0.00400 0.0725685474 0.0839557767 
9.60097 0.00400 0.0722274590 0.0836110670 
9.60206 0.00400 0.0718871991 0.0832671947 
9.60314 0.00400 0.0715478124 0.0829242047 
9.60422 0.00400 0.0712092587 0.0825820567 
9.60530 0.00400 0.0708715402 0.0822407528 
9.60638 0.00400 0.0705346592 0.0819002951 
9.60745 0.00400 0.0701986177 0.0815606859 
9.60852 0.00400 0.0698633755 0.0812218845 
9.60959 0.00400 0.0695290196 0.0808839789 
9.61066 0.00400 0.0691954248 0.0805468423 
9.61172 0.00400 0.0688626781 0.0802105630 
9.61278 0.00400 0.0685307817 0.0798751429 
9.61384 0.00400 0.0681996099 0.0795404551 
9.61490 0.00400 0.0678692925 0.0792066308 
9.61595 0.00400 0.0675397891 0.0788736291 
9.61700 0.00400 0.0672110588 0.0785414088 
9.61805 0.00400 0.0668831466 0.0782100152 
9.61909 0.00400 0.0665559687 0.0778793638 
9.62013 0.00400 0.0662296129 0.0775495430 
9.62117 0.00400 0.0659039953 0.0772204684 
9.62221 0.00400 0.0655792037 0.0768922286 
9.62325 0.00400 0.0652543812 0.0765639575 
9.62428 0.00400 0.0649311181 0.0762372624 
9.62531 0.00400 0.0646086010 0.0759113212 
9.62634 0.00400 0.0648249368 0.0755861793 
9.62737 0.00400 0.0645022465 0.0752602277 
9.62839 0.00400 0.0641607237 0.0749152535 
9.62941 0.00400 0.0638200086 0.0745710951 
9.63043 0.00400 0.0634817018 0.0742293693 
9.63144 0.00400 0.0631632758 0.0739077253 
9.63246 0.00400 0.0628456090 0.0735868481 
9.63347 0.00400 0.0625287031 0.0732667395 
9.63448 0.00400 0.0622125166 0.0729473576 
9.63548 0.00400 0.0618970515 0.0726287043 
9.63649 0.00400 0.0615823527 0.0723108252 
9.63749 0.00400 0.0612683787 0.0719936782 
9.63849 0.00400 0.0609639963 0.0716862196 
9.63949 0.00400 0.0606708349 0.0713900955 
9.64048 0.00400 0.0603783873 0.0710946923 
9.64147 0.00400 0.0600865244 0.0707998798 
9.64246 0.00400 0.0597953782 0.0705057914 
9.64345 0.00400 0.0595049069 0.0702123845 
9.64444 0.00400 0.0592151118 0.0699196607 
9.64542 0.00400 0.0589259072 0.0696275333 
9.64640 0.00400 0.0586373817 0.0693360920 
9.64738 0.00400 0.0583495369 0.0690453382 
9.64836 0.00400 0.0580622867 0.0687551850 
9.64933 0.00400 0.0577757201 0.0684657223 
9.65031 0.00400 0.0574897947 0.0681769073 
9.65128 0.00400 0.0572044681 0.0678886971 
9.65224 0.00400 0.0569198731 0.0676012261 
9.65321 0.00400 0.0566357920 0.0673142740 
9.65417 0.00400 0.0563524016 0.0670280196 
9.65514 0.00400 0.0560696593 0.0667424199 
9.65610 0.00400 0.0557875227 0.0664574320 
9.65705 0.00400 0.0555059929 0.0661730570 
9.65801 0.00400 0.0552250714 0.0658892965 
9.65896 0.00400 0.0549447595 0.0656061517 
9.65991 0.00400 0.0546651025 0.0653236685 
9.66086 0.00400 0.0543860578 0.0650418037 
9.66181 0.00400 0.0541076266 0.0647605586 
9.66276 0.00400 0.0538290591 0.0644791759 
9.66370 0.00400 0.0535518142 0.0641991292 
9.66464 0.00400 0.0532751868 0.0639197061 
9.66558 0.00400 0.0529991337 0.0636408632 
9.66652 0.00400 0.0527236564 0.0633626019 
9.66745 0.00400 0.0524488446 0.0630850128 
9.66839 0.00400 0.0521745667 0.0628079630 
9.66932 0.00400 0.0519008682 0.0625314985 
9.67025 0.00400 0.0516277947 0.0622556653 
9.67117 0.00400 0.0513553031 0.0619804199 
9.67210 0.00400 0.0510833501 0.0617057185 
9.67302 0.00400 0.0508119814 0.0614316073 
9.67394 0.00400 0.0505411982 0.0611580875 
9.67486 0.00400 0.0502710462 0.0608852053 
9.67578 0.00400 0.0500013930 0.0606128270 
9.67669 0.00400 0.0502627647 0.0603410437 
9.67761 0.00400 0.0499941105 0.0600698116 
9.67852 0.00400 0.0497260481 0.0597991768 
9.67943 0.00400 0.0494585786 0.0595291407 
9.68033 0.00400 0.0491916138 0.0592596142 
9.68124 0.00400 0.0489200513 0.0589854457 
9.68214 0.00400 0.0486482724 0.0587110589 
9.68305 0.00400 0.0483771286 0.0584373131 
9.68395 0.00400 0.0481064865 0.0581640739 
9.68484 0.00400 0.0478364818 0.0578914784 
9.68574 0.00400 0.0475669364 0.0576193464 
9.68663 0.00400 0.0472980307 0.0573478603 
9.68753 0.00400 0.0470295864 0.0570768400 
9.68842 0.00400 0.0467617393 0.0568064227 
9.68931 0.00400 0.0464944907 0.0565366095 
9.69019 0.00400 0.0462300491 0.0562696304 
9.69108 0.00400 0.0459704933 0.0560075839 
9.69196 0.00400 0.0457114574 0.0557460623 
9.69285 0.00400 0.0454543865 0.0554865245 
9.69373 0.00400 0.0451991036 0.0552287919 
9.69460 0.00400 0.0449443468 0.0549715905 
9.69548 0.00400 0.0446900268 0.0547148301 
9.69635 0.00400 0.0444363254 0.0544586941 
9.69723 0.00400 0.0441831080 0.0542030469 
9.69810 0.00400 0.0439303301 0.0539478434 
9.69897 0.00400 0.0436774489 0.0536925356 
9.69984 0.00400 0.0434257340 0.0534384052 
9.70070 0.00400 0.0431745069 0.0531847673 
9.70157 0.00400 0.0429237684 0.0529316228 
9.70243 0.00400 0.0426735651 0.0526790185 
9.70329 0.00400 0.0424238524 0.0524269096 
9.70415 0.00400 0.0421745859 0.0521752511 
9.70501 0.00400 0.0419258574 0.0519241358 
9.70586 0.00400 0.0416775768 0.0516734727 
9.70672 0.00400 0.0414298361 0.0514233548 
9.70757 0.00400 0.0411825453 0.0511736909 
9.70842 0.00400 0.0409357506 0.0509245280 
9.70927 0.00400 0.0406894532 0.0506758671 
9.71012 0.00400 0.0404436538 0.0504277091 
9.71096 0.00400 0.0401983078 0.0501800088 
9.71181 0.00400 0.0399534161 0.0499327670 
9.71265 0.00400 0.0397090252 0.0496860309 
9.71349 0.00400 0.0394650902 0.0494397552 
9.71433 0.00400 0.0392216578 0.0491939869 
9.71517 0.00400 0.0389786374 0.0489486344 
9.71600 0.00400 0.0387361214 0.0487037913 
9.71684 0.00400 0.0384940648 0.0484594119 
9.71767 0.00400 0.0382524686 0.0482154973 
9.71850 0.00400 0.0380113794 0.0479720947 
9.71933 0.00400 0.0377707064 0.0477291121 
9.72016 0.00400 0.0375304962 0.0474865969 
9.72098 0.00400 0.0372907497 0.0472445498 
9.72181 0.00400 0.0375751851 0.0470029252 
9.72263 0.00400 0.0373362479 0.0467618171 
9.72345 0.00400 0.0370977312 0.0465211331 
9.72427 0.00400 0.0368596817 0.0462809206 
9.72509 0.00400 0.0366221004 0.0460411806 
9.72591 0.00400 0.0363849419 0.0458018672 
9.72673 0.00400 0.0361481608 0.0455629346 
9.72754 0.00400 0.0359118965 0.0453245235 
9.72835 0.00400 0.0356761036 0.0450865882 
9.72916 0.00400 0.0354406905 0.0448490360 
9.72997 0.00400 0.0352057503 0.0446119611 
9.73078 0.00400 0.0349711915 0.0443752709 
9.73159 0.00400 0.0347371535 0.0441391064 
9.73239 0.00400 0.0345028955 0.0439027199 
9.73320 0.00400 0.0342697162 0.0436674219 
9.73400 0.00400 0.0340369212 0.0434325116 
9.73480 0.00400 0.0338046041 0.0431980836 
9.73560 0.00400 0.0335718361 0.0429632006 
9.73640 0.00400 0.0333390817 0.0427283313 
9.73719 0.00400 0.0331067131 0.0424938514 
9.73799 0.00400 0.0328747776 0.0422598084 
9.73878 0.00400 0.0326432759 0.0420262032 
9.73957 0.00400 0.0324122088 0.0417930365 
9.74036 0.00400 0.0321815304 0.0415602621 
9.74115 0.00400 0.0319513347 0.0413279748 
9.74194 0.00400 0.0317215293 0.0410960813 
9.74272 0.00400 0.0314921148 0.0408645823 
9.74351 0.00400 0.0312632788 0.0406336670 
9.74429 0.00400 0.0310365649 0.0404048931 
9.74507 0.00400 0.0308101992 0.0401764706 
9.74585 0.00400 0.0305842761 0.0399484946 
9.74663 0.00400 0.0303587024 0.0397208714 
9.74741 0.00400 0.0301335726 0.0394936960 
9.74819 0.00400 0.0299088406 0.0392669220 
9.74896 0.00400 0.0296845070 0.0390405500 
9.74974 0.00400 0.0294605726 0.0388145808 
9.75051 0.00400 0.0292370849 0.0385890625 
9.75128 0.00400 0.0290139507 0.0383639008 
9.75205 0.00400 0.0287912178 0.0381391440 
9.75282 0.00400 0.0285688866 0.0379147927 
9.75358 0.00400 0.0283469110 0.0376908002 
9.75435 0.00400 0.0281253856 0.0374672619 
9.75511 0.00400 0.0279041700 0.0372440362 
9.75587 0.00400 0.0276834059 0.0370212662 
9.75663 0.00400 0.0274629999 0.0367988575 
9.75739 0.00400 0.0272429998 0.0365768584 
9.75815 0.00400 0.0270235477 0.0363554124 
9.75891 0.00400 0.0268046918 0.0361345679 
9.75967 0.00400 0.0265861969 0.0359140877 
9.76042 0.00400 0.0263680637 0.0356939724 
9.76117 0.00400 0.0261502926 0.0354742226 
9.76193 0.00400 0.0259329316 0.0352548866 
9.76268 0.00400 0.0257159814 0.0350359651 
9.76343 0.00400 0.0254987798 0.0348167899 
9.76418 0.00400 0.0252825582 0.0345986036 
9.76492 0.00400 0.0250667018 0.0343807860 
9.76567 0.00400 0.0248512115 0.0341633376 
9.76641 0.00400 0.0246360876 0.0339462590 
9.76716 0.00400 0.0244213309 0.0337295509 
9.76790 0.00400 0.0242068944 0.0335131660 
9.76864 0.00400 0.0239928737 0.0332972007 
9.76938 0.00400 0.0237792220 0.0330816076 
9.77011 0.00400 0.0235658923 0.0328663396 
9.77085 0.00400 0.0233529802 0.0326514929 
9.77159 0.00400 0.0231403913 0.0324369724 
9.77232 0.00400 0.0229281738 0.0322228265 
9.77305 0.00400 0.0227162804 0.0320090079 
9.77379 0.00400 0.0225048072 0.0317956132 
9.77452 0.00400 0.0222936595 0.0315825468 
9.77525 0.00400 0.0220828376 0.0313698094 
9.77597 0.00400 0.0218724377 0.0311574977 
9.77670 0.00400 0.0216623171 0.0309454679 
9.77743 0.00400 0.0214525719 0.0307338169 
9.77815 0.00400 0.0212431549 0.0305224971 
9.77887 0.00400 0.0210341622 0.0303116054 
9.77960 0.00400 0.0208254988 0.0301010460 
9.78032 0.00400 0.0206171174 0.0298907711 
9.78104 0.00400 0.0204091141 0.0296808779 
9.78175 0.00400 0.0202014897 0.0294713670 
9.78247 0.00400 0.0205090373 0.0292621421 
9.78319 0.00400 0.0203019718 0.0290533006 
9.78390 0.00400 0.0200952390 0.0288447946 
9.78462 0.00400 0.0198888395 0.0286366247 
9.78533 0.00400 0.0196827736 0.0284287914 
9.78604 0.00400 0.0194770420 0.0282212952 
9.78675 0.00400 0.0192716452 0.0280141366 
9.78746 0.00400 0.0190666318 0.0278073648 
9.78817 0.00400 0.0188619544 0.0276009318 
9.78887 0.00400 0.0186575651 0.0273947895 
9.78958 0.00400 0.0184535127 0.0271889869 
9.79028 0.00400 0.0182497496 0.0269834760 
9.79099 0.00400 0.0180463725 0.0267783545 
9.79169 0.00400 0.0178435754 0.0265738179 
9.79239 0.00400 0.0176404894 0.0263689901 
9.79309 0.00400 0.0174383226 0.0261650892 
9.79379 0.00400 0.0172364476 0.0259614828 
9.79449 0.00400 0.0170349134 0.0257582199 
9.79518 0.00400 0.0168337203 0.0255553011 
9.79588 0.00400 0.0166327721 0.0253526294 
9.79657 0.00400 0.0164322146 0.0251503516 
9.79727 0.00400 0.0162319028 0.0249483218 
9.79796 0.00400 0.0160319828 0.0247466870 
9.79865 0.00400 0.0158324549 0.0245454478 
9.79934 0.00400 0.0156333200 0.0243446047 
9.80003 0.00400 0.0154344813 0.0241440606 
9.80072 0.00400 0.0152359879 0.0239438647 
9.80140 0.00400 0.0150377918 0.0237439686 
9.80209 0.00400 0.0148398935 0.0235443729 
9.80277 0.00400 0.0146423419 0.0233451269 
9.80346 0.00400 0.0144450404 0.0231461331 
9.80414 0.00400 0.0142481353 0.0229475391 
9.80482 0.00400 0.0140514811 0.0227491981 
9.80550 0.00400 0.0138551757 0.0225512090 
9.80618 0.00400 0.0136591220 0.0223534737 
9.80686 0.00400 0.0134633693 0.0221560420 
9.80753 0.00400 0.0132679667 0.0219589634 
9.80821 0.00400 0.0130728660 0.0217621892 
9.80888 0.00400 0.0128780676 0.0215657200 
9.80956 0.00400 0.0126835231 0.0213695069 
9.81023 0.00400 0.0124893796 0.0211736982 
9.81090 0.00400 0.0122954419 0.0209780971 
9.81157 0.00400 0.0121018574 0.0207828521 
9.81224 0.00400 0.0119085284 0.0205878649 
9.81291 0.00400 0.0117155043 0.0203931853 
9.81358 0.00400 0.0115228347 0.0201988631 
9.81425 0.00400 0.0113303730 0.0200047506 
9.81491 0.00400 0.0111382666 0.0198109965 
9.81558 0.00400 0.0109464179 0.0196175022 
9.81624 0.00400 0.0107548764 0.0194243179 
9.81690 0.00400 0.0105636916 0.0192314932 
9.81756 0.00400 0.0103727167 0.0190388803 
9.81822 0.00400 0.0101820503 0.0188465785 
9.81888 0.00400 0.0099916928 0.0186545882 
9.81954 0.00400 0.0098011035 0.0184623642 
9.82020 0.00400 0.0096113157 0.0182709486 
9.82086 0.00400 0.0094218382 0.0180798458 
9.82151 0.00400 0.0092326220 0.0178890067 
9.82217 0.00400 0.0090436184 0.0176983820 
9.82282 0.00400 0.0088550247 0.0175081708 
9.82347 0.00400 0.0086666445 0.0173181747 
9.82413 0.00400 0.0084785272 0.0171284439 
9.82478 0.00400 0.0082907720 0.0169390783 
9.82543 0.00400 0.0081032312 0.0167499289 
9.82607 0.00400 0.0079160040 0.0165610958 
9.82672 0.00400 0.0077297334 0.0163732276 
9.82737 0.00400 0.0075439757 0.0161858766 
9.82801 0.00400 0.0073585335 0.0159988439 
9.82866 0.00400 0.0071733085 0.0158120302 
9.82930 0.00400 0.0069883504 0.0156254856 
9.82995 0.00400 0.0068037091 0.0154392606 
9.83059 0.00400 0.0066192860 0.0152532557 
9.83123 0.00400 0.0064351805 0.0150675711 
9.83187 0.00400 0.0062513435 0.0148821572 
9.83251 0.00400 0.0060677257 0.0146969645 
9.83315 0.00400 0.0058844267 0.0145120933 
9.83378 0.00400 0.0057013973 0.0143274941 
9.83442 0.00400 0.0055186379 0.0141431671 
9.83506 0.00400 0.0053360992 0.0139590627 
9.83569 0.00400 0.0051538808 0.0137752814 
9.83632 0.00400 0.0049719336 0.0135917736 
9.83696 0.00400 0.0047902081 0.0134084894 
9.83759 0.00400 0.0046087544 0.0132254794 
9.83822 0.00400 0.0044275729 0.0130427438 
9.83885 0.00400 0.0042466640 0.0128602832 
9.83948 0.00400 0.0040660280 0.0126780979 
9.84010 0.00400 0.0038856155 0.0124961379 
9.84073 0.00400 0.0037055265 0.0123145043 
9.84136 0.00400 0.0035256118 0.0121330464 
9.84198 0.00400 0.0033460213 0.0119519155 
9.84261 0.00400 0.0031666557 0.0117710115 
9.84323 0.00400 0.0029875652 0.0115903849 
9.84385 0.00400 0.0028087001 0.0114099857 
9.84448 0.00400 0.0026301110 0.0112298647 
9.84510 0.00400 0.0024512975 0.0110495176 
9.84572 0.00400 0.0022732609 0.0108699538 
9.84634 0.00400 0.0020954511 0.0106906189 
9.84696 0.00400 0.0019178685 0.0105115132 
9.84757 0.00400 0.0017405635 0.0103326874 
9.84819 0.00400 0.0015634863 0.0101540914 
9.84880 0.00400 0.0013866875 0.0099757761 
9.84942 0.00400 0.0012101171 0.0097976913 
9.85003 0.00400 0.0010337756 0.0096198372 
9.85065 0.00400 0.0008567590 0.0094413024 
9.85126 0.00400 0.0006794185 0.0092624407 
9.85187 0.00400 0.0005022562 0.0090837589 
9.85248 0.00400 0.0003254233 0.0089054093 
9.85309 0.00400 0.0001487693 0.0087272401 
9.85370 0.00400 0.0004769221 0.0085493531 
9.85431 0.00400 0.0003007392 0.0083717487 
9.85491 0.00400 0.0001247867 0.0081943765 
9.85552 0.00400 -0.0000509352 0.0080172368 
9.85612 0.00400 -0.0002264262 0.0078403299 
9.85673 0.00400 -0.0004038557 0.0076614688 
9.85733 0.00400 -0.0005761588 0.0074877754 
9.85793 0.00400 -0.0007482784 0.0073142670 
9.85854 0.00400 -0.0009201132 0.0071410458 
9.85914 0.00400 -0.0010917132 0.0069680612 
9.85974 0.00400 -0.0012630783 0.0067953134 
9.86034 0.00400 -0.0014342081 0.0066228029 
9.86094 0.00400 -0.0016051529 0.0064504788 
9.86153 0.00400 -0.0017758112 0.0062784435 
9.86213 0.00400 -0.0019462333 0.0061066463 
9.86273 0.00400 -0.0021164695 0.0059350365 
9.86332 0.00400 -0.0022863676 0.0057637676 
9.86392 0.00400 -0.0024561299 0.0055926356 
9.86451 0.00400 -0.0026256548 0.0054217428 
9.86510 0.00400 -0.0027948913 0.0052511409 
9.86569 0.00400 -0.0029639404 0.0050807277 
9.86629 0.00400 -0.0031327513 0.0049105548 
9.86688 0.00400 -0.0033013235 0.0047406225 
9.86747 0.00400 -0.0034696568 0.0045709310 
9.86805 0.00400 -0.0036378016 0.0044014294 
9.86864 0.00400 -0.0038056562 0.0042322205 
9.86923 0.00400 -0.0039737796 0.0040627406 
9.86982 0.00400 -0.0041412052 0.0038939640 
9.87040 0.00400 -0.0043084413 0.0037253786 
9.87099 0.00400 -0.0044754367 0.0035570358 
9.87157 0.00400 -0.0046421911 0.0033889359 
9.87216 0.00400 -0.0048087553 0.0032210279 
9.87274 0.00400 -0.0049750268 0.0030534147 
9.87332 0.00400 -0.0051411074 0.0028859941 
9.87390 0.00400 -0.0053070480 0.0027187146 
9.87448 0.00400 -0.0054726951 0.0025517310 
9.87506 0.00400 -0.0056380483 0.0023850435 
9.87564 0.00400 -0.0058033118 0.0022184467 
9.87622 0.00400 -0.0059682809 0.0020521465 
9.87679 0.00400 -0.0061330575 0.0018860404 
9.87737 0.00400 -0.0062976413 0.0017201286 
9.87795 0.00400 -0.0064619299 0.0015545144 
9.87852 0.00400 -0.0066260764 0.0013890435 
9.87910 0.00400 -0.0067899781 0.0012238193 
9.87967 0.00400 -0.0069536349 0.0010588421 
9.88024 0.00400 -0.0071170975 0.0008940606 
9.88081 0.00400 -0.0072803659 0.0007294749 
9.88138 0.00400 -0.0074433883 0.0005651370 
9.88195 0.00400 -0.0076062160 0.0004009956 
9.88252 0.00400 -0.0077688486 0.0002370507 
9.88309 0.00400 -0.0079312345 0.0000733547 
9.88366 0.00400 -0.0080934248 -0.0000901443 
9.88423 0.00400 -0.0082553935 -0.0002534199 
9.88479 0.00400 -0.0084171661 -0.0004164978 
9.88536 0.00400 -0.0085786910 -0.0005793259 
9.88593 0.00400 -0.0087400449 -0.0007419817 
9.88649 0.00400 -0.0089011762 -0.0009044131 
9.88705 0.00400 -0.0090620847 -0.0010666199 
9.88762 0.00400 -0.0092227957 -0.0012286276 
9.88818 0.00400 -0.0093833091 -0.0013904361 
9.88874 0.00400 -0.0095435989 -0.0015520192 
9.88930 0.00400 -0.0097036904 -0.0017134025 
9.88986 0.00400 -0.0098635579 -0.0018745599 
9.89042 0.00400 -0.0100232525 -0.0020355430 
9.89098 0.00400 -0.0101827224 -0.0021962996 
9.89154 0.00400 -0.0103419932 -0.0023568554 
9.89209 0.00400 -0.0105014778 -0.0025176269 
9.89265 0.00400 -0.0106603239 -0.0026777546 
9.89321 0.00400 -0.0108189959 -0.0028377069 
9.89376 0.00400 -0.0109774420 -0.0029974315 
9.89432 0.00400 -0.0111356877 -0.0031569540 
9.89487 0.00400 -0.0112937070 -0.0033162482 
9.89542 0.00400 -0.0114515771 -0.0034753921 
9.89597 0.00400 -0.0116092203 -0.0036343073 
9.89653 0.00400 -0.0117666880 -0.0037930455 
9.89708 0.00400 -0.0119239283 -0.0039515545 
9.89763 0.00400 -0.0120809667 -0.0041098601 
9.89818 0.00400 -0.0122378291 -0.0042679880 
9.89872 0.00400 -0.0123942297 -0.0044256506 
9.89927 0.00400 -0.0125504276 -0.0045831088 
9.89982 0.00400 -0.0127064485 -0.0047403886 
9.90037 0.00400 -0.0128622402 -0.0048974373 
9.90091 0.00400 -0.0130178545 -0.0050543072 
9.90146 0.00400 -0.0131732652 -0.0052109718 
9.90200 0.00400 -0.0133284980 -0.0053674571 
9.90255 0.00400 -0.0134835006 -0.0055237104 
9.90309 0.00400 -0.0136383248 -0.0056797838 
9.90363 0.00400 -0.0137929705 -0.0058356773 
9.90417 0.00400 -0.0139474374 -0.0059913905 
9.90471 0.00400 -0.0141016472 -0.0061468445 
9.90526 0.00400 -0.0142557297 -0.0063021703 
9.90580 0.00400 -0.0144096069 -0.0064572890 
9.90633 0.00400 -0.0145632782 -0.0066122003 
9.90687 0.00400 -0.0147167696 -0.0067669301 
9.90741 0.00400 -0.0148700549 -0.0069214522 
9.90795 0.00400 -0.0150231597 -0.0070757924 
9.90848 0.00400 -0.0151760840 -0.0072299506 
9.90902 0.00400 -0.0153288015 -0.0073839002 
9.90955 0.00400 -0.0154813379 -0.0075376674 
9.91009 0.00400 -0.0156336932 -0.0076912519 
9.91062 0.00400 -0.0157858669 -0.0078446536 
9.91116 0.00400 -0.0159378591 -0.0079978721 
9.91169 0.00400 -0.0160896433 -0.0081508809 
9.91222 0.00400 -0.0162412454 -0.0083037062 
9.91275 0.00400 -0.0163926652 -0.0084563478 
9.91328 0.00400 -0.0165439024 -0.0086088053 
9.91381 0.00400 -0.0166953500 -0.0087614749 
9.91434 0.00400 -0.0168462219 -0.0089135641 
9.91487 0.00400 -0.0169968843 -0.0090654421 
9.91540 0.00400 -0.0171473634 -0.0092171354 
9.91593 0.00400 -0.0172977114 -0.0093686965 
9.91645 0.00400 -0.0174478494 -0.0095200459 
9.91698 0.00400 -0.0175978034 -0.0096712098 
9.91751 0.00400 -0.0177475733 -0.0098221881 
9.91803 0.00400 -0.0178971588 -0.0099729805 
9.91855 0.00400 -0.0180464808 -0.0101235074 
9.91908 0.00400 -0.0181955127 -0.0102737418 
9.91960 0.00400 -0.0183443858 -0.0104238161 
9.92012 0.00400 -0.0184930473 -0.0105736770 
9.92064 0.00400 -0.0186415758 -0.0107234040 
9.92117 0.00400 -0.0187899186 -0.0108729437 
9.92169 0.00400 -0.0189380491 -0.0110222694 
9.92221 0.00400 -0.0190860198 -0.0111714340 
9.92272 0.00400 -0.0192338041 -0.0113204106 
9.92324 0.00400 -0.0193814281 -0.0114692258 
9.92376 0.00400 -0.0195288654 -0.0116178527 
9.92428 0.00400 -0.0196765115 -0.0117666901 
9.92480 0.00400 -0.0198241818 -0.0119155519 
9.92531 0.00400 -0.0199716651 -0.0120642252 
9.92583 0.00400 -0.0201189876 -0.0122127364 
9.92634 0.00400 -0.0202660964 -0.0123610321 
9.92686 0.00400 -0.0204130703 -0.0125091919 
9.92737 0.00400 -0.0205598565 -0.0126571625 
9.92788 0.00400 -0.0207064547 -0.0128049435 
9.92839 0.00400 -0.0208529176 -0.0129525882 
9.92891 0.00400 -0.0209991657 -0.0131000162 
9.92942 0.00400 -0.0211452516 -0.0132472809 
9.92993 0.00400 -0.0212912017 -0.0133944086 
9.93044 0.00400 -0.0214369628 -0.0135413458 
9.93095 0.00400 -0.0215825083 -0.0136880656 
9.93146 0.00400 -0.0217279439 -0.0138346746 
9.93196 0.00400 -0.0218731634 -0.0139810658 
9.93247 0.00400 -0.0220182461 -0.0141273192 
9.93298 0.00400 -0.0221631390 -0.0142733811 
9.93349 0.00400 -0.0223078947 -0.0144193048 
9.93399 0.00400 -0.0224524601 -0.0145650367 
9.93450 0.00400 -0.0225972069 -0.0147109513 
9.93500 0.00400 -0.0227414974 -0.0148564061 
9.93551 0.00400 -0.0228856236 -0.0150016952 
9.93601 0.00400 -0.0230296119 -0.0151468453 
9.93651 0.00400 -0.0231734090 -0.0152918026 
9.93702 0.00400 -0.0233170412 -0.0154365937 
9.93752 0.00400 -0.0234605084 -0.0155812185 
9.93802 0.00400 -0.0236038370 -0.0157257035 
9.93852 0.00400 -0.0237469469 -0.0158699682 
9.93902 0.00400 -0.0238899179 -0.0160140928 
9.93952 0.00400 -0.0240327232 -0.0161580502 
9.94002 0.00400 -0.0241753625 -0.0163018405 
9.94052 0.00400 -0.0243178357 -0.0164454632 
9.94102 0.00400 -0.0244601693 -0.0165889452 
9.94151 0.00400 -0.0246022830 -0.0167322056 
9.94201 0.00400 -0.0247443101 -0.0168753787 
9.94251 0.00400 -0.0248861171 -0.0170183298 
9.94300 0.00400 -0.0250278104 -0.0171611664 
9.94350 0.00400 -0.0251692832 -0.0173037807 
9.94399 0.00400 -0.0253106153 -0.0174462531 
9.94449 0.00400 -0.0254518066 -0.0175885836 
9.94498 0.00400 -0.0255928569 -0.0177307720 
9.94547 0.00400 -0.0252424034 -0.0178727643 
9.94597 0.00400 -0.0253831620 -0.0180145871 
9.94646 0.00400 -0.0255237790 -0.0181562673 
9.94695 0.00400 -0.0256642544 -0.0182978047 
9.94744 0.00400 -0.0258045343 -0.0184391452 
9.94793 0.00400 -0.0259446722 -0.0185803426 
9.94842 0.00400 -0.0260846410 -0.0187213697 
9.94891 0.00400 -0.0262244675 -0.0188622533 
9.94940 0.00400 -0.0263641247 -0.0190029664 
9.94988 0.00400 -0.0265036392 -0.0191435357 
9.95037 0.00400 -0.0266429840 -0.0192839339 
9.95086 0.00400 -0.0267821857 -0.0194241881 
9.95134 0.00400 -0.0269212443 -0.0195642981 
9.95183 0.00400 -0.0270601059 -0.0197042095 
9.95232 0.00400 -0.0271988508 -0.0198440034 
9.95280 0.00400 -0.0273374252 -0.0199836255 
9.95328 0.00400 -0.0274758288 -0.0201230755 
9.95377 0.00400 -0.0276140885 -0.0202623805 
9.95429 0.00400 -0.0277635407 -0.0204129626 
9.95477 0.00400 -0.0279014617 -0.0205519264 
9.95526 0.00400 -0.0280392652 -0.0206907717 
9.95574 0.00400 -0.0281768972 -0.0208294443 
9.95622 0.00400 -0.0283143574 -0.0209679437 
9.95670 0.00400 -0.0284517266 -0.0211063515 
9.95718 0.00400 -0.0285888967 -0.0212445588 
9.95766 0.00400 -0.0287259217 -0.0213826197 
9.95814 0.00400 -0.0288628012 -0.0215205341 
9.95861 0.00400 -0.0289995352 -0.0216583018 
9.95909 0.00400 -0.0291361234 -0.0217959227 
9.95957 0.00400 -0.0292725658 -0.0219333967 
9.96005 0.00400 -0.0294088351 -0.0220706963 
9.96052 0.00400 -0.0295449583 -0.0222078486 
9.96100 0.00400 -0.0296809622 -0.0223448808 
9.96147 0.00400 -0.0298167655 -0.0224817108 
9.96195 0.00400 -0.0299524492 -0.0226184203 
9.96242 0.00400 -0.0300880132 -0.0227550093 
9.96289 0.00400 -0.0302233761 -0.0228913956 
9.96337 0.00400 -0.0303586189 -0.0230276609 
9.96384 0.00400 -0.0304937145 -0.0231637779 
9.96431 0.00400 -0.0306286628 -0.0232997464 
9.96478 0.00400 -0.0307634634 -0.0234355662 
9.96525 0.00400 -0.0308981164 -0.0235712373 
9.96572 0.00400 -0.0310326215 -0.0237067593 
9.96619 0.00400 -0.0311669786 -0.0238421322 
9.96666 0.00400 -0.0313011876 -0.0239773559 
9.96713 0.00400 -0.0314353026 -0.0241124848 
9.96760 0.00400 -0.0315692148 -0.0242474094 
9.96807 0.00400 -0.0317030055 -0.0243822117 
9.96854 0.00400 -0.0318366204 -0.0245168367 
9.96900 0.00400 -0.0319701135 -0.0246513391 
9.96947 0.00400 -0.0321034576 -0.0247856914 
9.96994 0.00400 -0.0322366797 -0.0249199207 
9.97040 0.00400 -0.0323697524 -0.0250539995 
9.97087 0.00400 -0.0325026757 -0.0251879277 
9.97133 0.00400 -0.0326354493 -0.0253217052 
9.97179 0.00400 -0.0327681276 -0.0254553866 
9.97226 0.00400 -0.0329006015 -0.0255888621 
9.97272 0.00400 -0.0330329526 -0.0257222138 
9.97322 0.00400 -0.0331760334 -0.0258663764 
9.97368 0.00400 -0.0333080872 -0.0259994286 
9.97414 0.00400 -0.0334401542 -0.0261324941 
9.97460 0.00400 -0.0335722344 -0.0262655729 
9.97506 0.00400 -0.0337042186 -0.0263985549 
9.97552 0.00400 -0.0338360247 -0.0265313575 
9.97598 0.00400 -0.0339677072 -0.0266640356 
9.97644 0.00400 -0.0340992660 -0.0267965891 
9.97690 0.00400 -0.0342306736 -0.0269289902 
9.97736 0.00400 -0.0343619299 -0.0270612389 
9.97782 0.00400 -0.0344930620 -0.0271933624 
9.97827 0.00400 -0.0346240700 -0.0273253608 
9.97873 0.00400 -0.0347548987 -0.0274571787 
9.97919 0.00400 -0.0348856577 -0.0275889263 
9.97964 0.00400 -0.0350162373 -0.0277204931 
9.98010 0.00400 -0.0351466648 -0.0278519067 
9.98055 0.00400 -0.0352769672 -0.0279831943 
9.98101 0.00400 -0.0354071446 -0.0281143559 
9.98146 0.00400 -0.0355371969 -0.0282453914 
9.98191 0.00400 -0.0356670690 -0.0283762454 
9.98237 0.00400 -0.0357968430 -0.0285070006 
9.98282 0.00400 -0.0359264641 -0.0286376017 
9.98327 0.00400 -0.0360559594 -0.0287680760 
9.98372 0.00400 -0.0361853014 -0.0288983959 
9.98417 0.00400 -0.0363145449 -0.0290286165 
9.98462 0.00400 -0.0364436348 -0.0291586825 
9.98507 0.00400 -0.0365725710 -0.0292885935 
9.98552 0.00400 -0.0367014084 -0.0294184049 
9.98597 0.00400 -0.0368300917 -0.0295480612 
9.98642 0.00400 -0.0369586484 -0.0296775898 
9.98687 0.00400 -0.0370870784 -0.0298069908 
9.98731 0.00400 -0.0372153816 -0.0299362640 
9.98776 0.00400 -0.0373435301 -0.0300653814 
9.98821 0.00400 -0.0374715516 -0.0301943708 
9.98865 0.00400 -0.0375994733 -0.0303232597 
9.98910 0.00400 -0.0377272125 -0.0304519647 
9.98955 0.00400 -0.0378548794 -0.0305805967 
9.98999 0.00400 -0.0379822807 -0.0307089613 
9.99044 0.00400 -0.0381090026 -0.0308366412 
9.99088 0.00400 -0.0382355962 -0.0309641919 
9.99136 0.00400 -0.0383724386 -0.0311020689 
9.99180 0.00400 -0.0384987507 -0.0312293360 
9.99224 0.00400 -0.0386249341 -0.0313564734 
9.99269 0.00400 -0.0387509888 -0.0314834811 
9.99313 0.00400 -0.0388769422 -0.0316103868 
9.99357 0.00400 -0.0390027389 -0.0317371346 
9.99401 0.00400 -0.0391284341 -0.0318637801 
9.99445 0.00400 -0.0392539724 -0.0319902675 
9.99489 0.00400 -0.0393795749 -0.0321168197 
9.99533 0.00400 -0.0395052694 -0.0322434644 
9.99577 0.00400 -0.0396308067 -0.0323699509 
9.99621 0.00400 -0.0397562422 -0.0324963348 
9.99665 0.00400 -0.0398815204 -0.0326225601 
9.99708 0.00400 -0.0400066964 -0.0327486826 
9.99752 0.00400 -0.0401317426 -0.0328746741 
9.99796 0.00400 -0.0402566864 -0.0330005626 
9.99839 0.00400 -0.0403814724 -0.0331262920 
9.99883 0.00400 -0.0405061558 -0.0332519181 
9.99926 0.00400 -0.0406306811 -0.0333773848 
9.99970 0.00400 -0.0407551036 -0.0335027480 
10.00013 0.00400 -0.0408794232 -0.0336280076 
10.00057 0.00400 -0.0410035843 -0.0337531074 
10.00100 0.00400 -0.0411276146 -0.0338780754 
10.00144 0.00400 -0.0412515416 -0.0340029394 
10.00187 0.00400 -0.0413753375 -0.0341276712 
10.00230 0.00400 -0.0414990300 -0.0342522988 
10.00273 0.00400 -0.0416225633 -0.0343767662 
10.00316 0.00400 -0.0417460208 -0.0345011570 
10.00360 0.00400 -0.0418693189 -0.0346253873 
10.00403 0.00400 -0.0419925131 -0.0347495129 
10.00446 0.00400 -0.0421155476 -0.0348734777 
10.00489 0.00400 -0.0422385059 -0.0349973656 
10.00532 0.00400 -0.0423613321 -0.0351211204 
10.00574 0.00400 -0.0424840262 -0.0352447421 
10.00617 0.00400 -0.0426065880 -0.0353682305 
10.00660 0.00400 -0.0427290452 -0.0354916136 
10.00703 0.00400 -0.0428513977 -0.0356148912 
10.00746 0.00400 -0.0429736177 -0.0357380352 
10.00788 0.00400 -0.0430957328 -0.0358610735 
10.00831 0.00400 -0.0432176871 -0.0359839499 
10.00877 0.00400 -0.0433495595 -0.0361168192 
10.00920 0.00400 -0.0434712784 -0.0362394584 
10.00962 0.00400 -0.0435928921 -0.0363619916 
10.01005 0.00400 -0.0437143724 -0.0364843904 
10.01047 0.00400 -0.0438357473 -0.0366066829 
10.01089 0.00400 -0.0439569886 -0.0367288408 
10.01132 0.00400 -0.0440781241 -0.0368508922 
10.01174 0.00400 -0.0441991538 -0.0369728370 
10.01216 0.00400 -0.0443200496 -0.0370946468 
10.01259 0.00400 -0.0444408394 -0.0372163498 
10.01301 0.00400 -0.0445614951 -0.0373379177 
10.01343 0.00400 -0.0446820445 -0.0374593785 
10.01385 0.00400 -0.0448024596 -0.0375807040 
10.01427 0.00400 -0.0449227962 -0.0377019504 
10.01469 0.00400 -0.0450429702 -0.0378230329 
10.01511 0.00400 -0.0451630375 -0.0379440080 
10.01553 0.00400 -0.0452830261 -0.0380649038 
10.01595 0.00400 -0.0454028518 -0.0381856354 
10.01637 0.00400 -0.0455226266 -0.0383063158 
10.01679 0.00400 -0.0456422101 -0.0384268034 
10.01720 0.00400 -0.0457617145 -0.0385472113 
10.01762 0.00400 -0.0458811117 -0.0386675112 
10.01804 0.00400 -0.0460004014 -0.0387877028 
10.01846 0.00400 -0.0461195275 -0.0389077296 
10.01887 0.00400 -0.0462386022 -0.0390277045 
10.01929 0.00400 -0.0463575130 -0.0391475143 
10.01970 0.00400 -0.0464763160 -0.0392672155 
10.02012 0.00400 -0.0465950392 -0.0393868364 
10.02053 0.00400 -0.0467136263 -0.0395063200 
10.02095 0.00400 -0.0468321053 -0.0396256948 
10.02136 0.00400 -0.0469504761 -0.0397449605 
10.02177 0.00400 -0.0470687104 -0.0398640888 
10.02219 0.00400 -0.0471868364 -0.0399831078 
10.02260 0.00400 -0.0473048820 -0.0401020460 
10.02301 0.00400 -0.0474227909 -0.0402208462 
10.02342 0.00400 -0.0475405910 -0.0403395370 
10.02384 0.00400 -0.0476582824 -0.0404581182 
10.02425 0.00400 -0.0477758648 -0.0405765896 
10.02466 0.00400 -0.0478933101 -0.0406949228 
10.02507 0.00400 -0.0480107027 -0.0408132029 
10.02551 0.00400 -0.0481375565 -0.0409410158 
10.02592 0.00400 -0.0482546768 -0.0410590216 
10.02633 0.00400 -0.0483716876 -0.0411769171 
10.02674 0.00400 -0.0484885890 -0.0412947023 
10.02715 0.00400 -0.0486054090 -0.0414124055 
10.02755 0.00400 -0.0487220628 -0.0415299413 
10.02796 0.00400 -0.0488386634 -0.0416474234 
10.02837 0.00400 -0.0489551258 -0.0417647663 
10.02878 0.00400 -0.0490714782 -0.0418819984 
10.02918 0.00400 -0.0491877488 -0.0419991481 
10.02959 0.00400 -0.0493038809 -0.0421161583 
10.02999 0.00400 -0.0494199028 -0.0422330573 
10.03040 0.00400 -0.0495358143 -0.0423498452 
10.03080 0.00400 -0.0496516437 -0.0424665502 
10.03121 0.00400 -0.0497673624 -0.0425831439 
10.03161 0.00400 -0.0498829706 -0.0426996261 
10.03202 0.00400 -0.0499984396 -0.0428159681 
10.03242 0.00400 -0.0501138261 -0.0429322270 
10.03282 0.00400 -0.0502291017 -0.0430483741 
10.03323 0.00400 -0.0503442946 -0.0431644379 
10.03363 0.00400 -0.0504593196 -0.0432803326 
10.03403 0.00400 -0.0505743185 -0.0433962010 
10.03443 0.00400 -0.0506891494 -0.0435119000 
10.03483 0.00400 -0.0508038971 -0.0436275153 
10.03523 0.00400 -0.0509185334 -0.0437430183 
10.03563 0.00400 -0.0510330581 -0.0438584088 
10.03603 0.00400 -0.0511474995 -0.0439737155 
10.03643 0.00400 -0.0512618575 -0.0440889381 
10.03683 0.00400 -0.0513760468 -0.0442039907 
10.03723 0.00400 -0.0514901810 -0.0443189878 
10.03763 0.00400 -0.0516041746 -0.0444338433 
10.03803 0.00400 -0.0517180845 -0.0445486144 
10.03843 0.00400 -0.0518318822 -0.0446632724 
10.03882 0.00400 -0.0519455676 -0.0447778173 
10.03922 0.00400 -0.0520591689 -0.0448922775 
10.03962 0.00400 -0.0521726577 -0.0450066244 
10.04002 0.00400 -0.0522860339 -0.0451208577 
10.04041 0.00400 -0.0523993258 -0.0452350062 
10.04081 0.00400 -0.0525124764 -0.0453490123 
10.04120 0.00400 -0.0526255997 -0.0454629909 
10.04163 0.00400 -0.0527478268 -0.0455861420 
10.04202 0.00400 -0.0528606979 -0.0456998664 
10.04242 0.00400 -0.0529734558 -0.0458134769 
10.04281 0.00400 -0.0530861004 -0.0459269732 
10.04321 0.00400 -0.0531986603 -0.0460403840 
10.04360 0.00400 -0.0533111066 -0.0461536805 
10.04399 0.00400 -0.0534234680 -0.0462668914 
10.04438 0.00400 -0.0535356872 -0.0463799590 
10.04478 0.00400 -0.0536478498 -0.0464929696 
10.04517 0.00400 -0.0537599271 -0.0466058943 
10.04556 0.00400 -0.0538718620 -0.0467186755 
10.04595 0.00400 -0.0539836829 -0.0468313418 
10.04634 0.00400 -0.0540954183 -0.0469439220 
10.04673 0.00400 -0.0542070967 -0.0470564448 
10.04712 0.00400 -0.0543186323 -0.0471688236 
10.04751 0.00400 -0.0544300822 -0.0472811161 
10.04790 0.00400 -0.0545414176 -0.0473932932 
10.04829 0.00400 -0.0546526384 -0.0475053549 
10.04868 0.00400 -0.0547638307 -0.0476173879 
10.04907 0.00400 -0.0548748508 -0.0477292474 
10.04945 0.00400 -0.0549857849 -0.0478410202 
10.04984 0.00400 -0.0550966327 -0.0479527060 
10.05023 0.00400 -0.0552073943 -0.0480643051 
10.05062 0.00400 -0.0553180121 -0.0481757592 
10.05100 0.00400 -0.0554286009 -0.0482871841 
10.05139 0.00400 -0.0555390457 -0.0483984639 
10.05177 0.00400 -0.0556493752 -0.0485096276 
10.05216 0.00400 -0.0557596468 -0.0486207328 
10.05254 0.00400 -0.0558698028 -0.0487317217 
10.05293 0.00400 -0.0559798720 -0.0488426231 
10.05331 0.00400 -0.0560898543 -0.0489534369 
10.05370 0.00400 -0.0562001236 -0.0490645398 
10.05408 0.00400 -0.0563105936 -0.0491758451 
10.05447 0.00400 -0.0564209769 -0.0492870629 
10.05485 0.00400 -0.0565312733 -0.0493981932 
10.05523 0.00400 -0.0566414540 -0.0495092069 
10.05561 0.00400 -0.0567515476 -0.0496201329 
10.05600 0.00400 -0.0568615542 -0.0497309712 
10.05638 0.00400 -0.0569714736 -0.0498417216 
10.05676 0.00400 -0.0570812480 -0.0499523260 
10.05717 0.00400 -0.0571999592 -0.0500719347 
10.05755 0.00400 -0.0573095612 -0.0501823653 
10.05793 0.00400 -0.0574190756 -0.0502927077 
10.05831 0.00400 -0.0575284736 -0.0504029329 
10.05869 0.00400 -0.0576377840 -0.0505130696 
10.05907 0.00400 -0.0577470066 -0.0506231180 
10.05945 0.00400 -0.0578561125 -0.0507330489 
10.05983 0.00400 -0.0579651594 -0.0508429202 
10.06021 0.00400 -0.0580740894 -0.0509526738 
10.06059 0.00400 -0.0581829603 -0.0510623677 
10.06096 0.00400 -0.0578170050 -0.0511718856 
10.06134 0.00400 -0.0584003219 -0.0512813728 
10.06172 0.00400 -0.0585088704 -0.0513907419 
10.06210 0.00400 -0.0581428722 -0.0515000512 
10.06247 0.00400 -0.0582512695 -0.0516092130 
10.06285 0.00400 -0.0588339853 -0.0517183148 
10.06322 0.00400 -0.0584678563 -0.0518273274 
10.06360 0.00400 -0.0585759878 -0.0519362214 
10.06397 0.00400 -0.0586839435 -0.0520449385 
10.06435 0.00400 -0.0587917813 -0.0521535369 
10.06472 0.00400 -0.0588995011 -0.0522620164 
10.06510 0.00400 -0.0590071608 -0.0523704355 
10.06547 0.00400 -0.0591147024 -0.0524787356 
10.06584 0.00400 -0.0592221838 -0.0525869750 
10.06622 0.00400 -0.0593295468 -0.0526950953 
10.06659 0.00400 -0.0594367915 -0.0528030963 
10.06696 0.00400 -0.0595440048 -0.0529110657 
10.06734 0.00400 -0.0596510704 -0.0530188865 
10.06771 0.00400 -0.0597580465 -0.0531266171 
10.06808 0.00400 -0.0598646133 -0.0532339355 
10.06845 0.00400 -0.0599711191 -0.0533411925 
10.06882 0.00400 -0.0600775060 -0.0534483297 
10.06919 0.00400 -0.0601838028 -0.0535553762 
10.06956 0.00400 -0.0602900094 -0.0536623319 
10.06993 0.00400 -0.0603961550 -0.0537692261 
10.07030 0.00400 -0.0605021521 -0.0538759708 
10.07067 0.00400 -0.0606080879 -0.0539826538 
10.07104 0.00400 -0.0607139624 -0.0540892750 
10.07141 0.00400 -0.0608196882 -0.0541957465 
10.07178 0.00400 -0.0609253816 -0.0543021853 
10.07218 0.00400 -0.0610396377 -0.0544172473 
10.07254 0.00400 -0.0611451229 -0.0545234764 
10.07291 0.00400 -0.0612505171 -0.0546296140 
10.07328 0.00400 -0.0613557914 -0.0547356307 
10.07365 0.00400 -0.0614610330 -0.0548416146 
10.07401 0.00400 -0.0615661545 -0.0549474775 
10.07438 0.00400 -0.0616711849 -0.0550532487 
10.07474 0.00400 -0.0617761534 -0.0551589575 
10.07511 0.00400 -0.0618810013 -0.0552645449 
10.07548 0.00400 -0.0619857581 -0.0553700405 
10.07584 0.00400 -0.0620904526 -0.0554754735 
10.07621 0.00400 -0.0621950557 -0.0555808143 
10.07657 0.00400 -0.0622995965 -0.0556860924 
10.07693 0.00400 -0.0624039873 -0.0557912195 
10.07730 0.00400 -0.0625083157 -0.0558962837 
10.07766 0.00400 -0.0626125523 -0.0560012555 
10.07802 0.00400 -0.0627167265 -0.0561061643 
10.07839 0.00400 -0.0628208087 -0.0562109807 
10.07875 0.00400 -0.0629247990 -0.0563157044 
10.07911 0.00400 -0.0630286973 -0.0564203355 
10.07947 0.00400 -0.0631324743 -0.0565248444 
10.07984 0.00400 -0.0632362177 -0.0566293195 
10.08020 0.00400 -0.0633398689 -0.0567337017 
10.08056 0.00400 -0.0634433984 -0.0568379615 
10.08092 0.00400 -0.0635468943 -0.0569421872 
10.08128 0.00400 -0.0636502684 -0.0570462905 
10.08164 0.00400 -0.0637535500 -0.0571503005 
10.08200 0.00400 -0.0638567684 -0.0572542469 
10.08236 0.00400 -0.0639598942 -0.0573581000 
10.08272 0.00400 -0.0640629272 -0.0574618597 
10.08308 0.00400 -0.0641658675 -0.0575655260 
10.08344 0.00400 -0.0642687737 -0.0576691580 
10.08379 0.00400 -0.0643715283 -0.0577726373 
10.08415 0.00400 -0.0644742192 -0.0578760525 
10.08451 0.00400 -0.0645768464 -0.0579794035 
10.08487 0.00400 -0.0646794100 -0.0580826905 
10.08523 0.00400 -0.0647818510 -0.0581858540 
10.08558 0.00400 -0.0648841987 -0.0582889236 
10.08594 0.00400 -0.0649864826 -0.0583919288 
10.08629 0.00400 -0.0650886730 -0.0584948400 
10.08668 0.00400 -0.0651991248 -0.0586060707 
10.08704 0.00400 -0.0653011597 -0.0587088253 
10.08739 0.00400 -0.0654031009 -0.0588114855 
10.08775 0.00400 -0.0655049486 -0.0589140515 
10.08810 0.00400 -0.0656067320 -0.0590165527 
10.08846 0.00400 -0.0657084215 -0.0591189595 
10.08881 0.00400 -0.0658100172 -0.0592212718 
10.08916 0.00400 -0.0659115190 -0.0593234895 
10.08952 0.00400 -0.0660129858 -0.0594256718 
10.08987 0.00400 -0.0661143290 -0.0595277298 
10.09022 0.00400 -0.0662156076 -0.0596297227 
10.09058 0.00400 -0.0663168215 -0.0597316505 
10.09093 0.00400 -0.0664179116 -0.0598334536 
10.09128 0.00400 -0.0665189074 -0.0599351617 
10.09163 0.00400 -0.0666198679 -0.0600368342 
10.09199 0.00400 -0.0667207339 -0.0601384116 
10.09234 0.00400 -0.0668215053 -0.0602398938 
10.09269 0.00400 -0.0669222117 -0.0603413105 
10.09304 0.00400 -0.0670228235 -0.0604426318 
10.09339 0.00400 -0.0671233701 -0.0605438876 
10.09374 0.00400 -0.0672201273 -0.0606413272 
10.09409 0.00400 -0.0673140978 -0.0607359604 
10.09444 0.00400 -0.0674080000 -0.0608305249 
10.09479 0.00400 -0.0675018043 -0.0609249909 
10.09514 0.00400 -0.0675955700 -0.0610194178 
10.09549 0.00400 -0.0681589452 -0.0611137759 
10.09584 0.00400 -0.0682524677 -0.0612080055 
10.09618 0.00400 -0.0683459808 -0.0613022256 
10.09653 0.00400 -0.0684393664 -0.0613963172 
10.09688 0.00400 -0.0685327129 -0.0614903695 
10.09723 0.00400 -0.0686259613 -0.0615843229 
10.09757 0.00400 -0.0687201182 -0.0616791917 
10.09792 0.00400 -0.0688194789 -0.0617793036 
10.09827 0.00400 -0.0689187442 -0.0618793194 
10.09861 0.00400 -0.0690179730 -0.0619792984 
10.09896 0.00400 -0.0691171061 -0.0620791810 
10.09931 0.00400 -0.0692161730 -0.0621789969 
10.09965 0.00400 -0.0693151145 -0.0622786864 
10.10000 0.00400 -0.0694139897 -0.0623783092 
10.10037 0.00400 -0.0695209274 -0.0624860554 
10.10072 0.00400 -0.0696196717 -0.0625855463 
10.10106 0.00400 -0.0697183200 -0.0626849404 
10.10140 0.00400 -0.0698168722 -0.0627842376 
10.10175 0.00400 -0.0699153874 -0.0628834977 
10.10209 0.00400 -0.0700138064 -0.0629826608 
10.10243 0.00400 -0.0701121290 -0.0630817268 
10.10278 0.00400 -0.0702104147 -0.0631807555 
10.10312 0.00400 -0.0703085741 -0.0632796571 
10.10346 0.00400 -0.0704066667 -0.0633784913 
10.10381 0.00400 -0.0705046924 -0.0634772582 
10.10415 0.00400 -0.0706026513 -0.0635759576 
10.10449 0.00400 -0.0707005133 -0.0636745596 
10.10483 0.00400 -0.0707983084 -0.0637730939 
10.10517 0.00400 -0.0708960363 -0.0638715608 
10.10551 0.00400 -0.0709936971 -0.0639699599 
10.10585 0.00400 -0.0710912312 -0.0640682314 
10.10619 0.00400 -0.0711887575 -0.0641664951 
10.10653 0.00400 -0.0712861868 -0.0642646610 
10.10687 0.00400 -0.0713834891 -0.0643626989 
10.10721 0.00400 -0.0714807538 -0.0644606990 
10.10755 0.00400 -0.0715779509 -0.0645586310 
10.10789 0.00400 -0.0716750508 -0.0646564650 
10.10823 0.00400 -0.0717721129 -0.0647542610 
10.10857 0.00400 -0.0718690477 -0.0648519286 
10.10891 0.00400 -0.0719659447 -0.0649495582 
10.10924 0.00400 -0.0720627142 -0.0650470593 
10.10958 0.00400 -0.0721594756 -0.0651445522 
10.10992 0.00400 -0.0722561392 -0.0652419467 
10.11026 0.00400 -0.0723527052 -0.0653392427 
10.11059 0.00400 -0.0724492032 -0.0654364703 
10.11093 0.00400 -0.0725456330 -0.0655336293 
10.11127 0.00400 -0.0726419949 -0.0656307197 
10.11160 0.00400 -0.0727382588 -0.0657277113 
10.11194 0.00400 -0.0728344843 -0.0658246644 
10.11228 0.00400 -0.0729306118 -0.0659215186 
10.11261 0.00400 -0.0730266709 -0.0660183040 
10.11295 0.00400 -0.0731226617 -0.0661150206 
10.11328 0.00400 -0.0732185842 -0.0662116682 
10.11362 0.00400 -0.0733144082 -0.0663082168 
10.11398 0.00400 -0.0734180371 -0.0664126291 
10.11431 0.00400 -0.0735137258 -0.0665090413 
10.11464 0.00400 -0.0736093160 -0.0666053542 
10.11498 0.00400 -0.0737048376 -0.0667015979 
10.11531 0.00400 -0.0738003503 -0.0667978328 
10.11564 0.00400 -0.0738957344 -0.0668939380 
10.11598 0.00400 -0.0739910197 -0.0669899437 
10.11631 0.00400 -0.0740862960 -0.0670859404 
10.11664 0.00400 -0.0737148311 -0.0671818374 
10.11697 0.00400 -0.0738099275 -0.0672776045 
10.11731 0.00400 -0.0739050448 -0.0673733927 
10.11764 0.00400 -0.0740000030 -0.0674690207 
10.11797 0.00400 -0.0740949521 -0.0675646395 
10.11830 0.00400 -0.0741898020 -0.0676601583 
10.11863 0.00400 -0.0742846126 -0.0677556376 
10.11896 0.00400 -0.0743793239 -0.0678510169 
10.11929 0.00400 -0.0744739658 -0.0679463263 
10.11962 0.00400 -0.0745685082 -0.0680415355 
10.11995 0.00400 -0.0746630112 -0.0681367050 
10.12028 0.00400 -0.0747574447 -0.0682318045 
10.12061 0.00400 -0.0748517786 -0.0683268037 
10.12094 0.00400 -0.0749460728 -0.0684217630 
10.12127 0.00400 -0.0750402673 -0.0685166219 
10.12160 0.00400 -0.0751344223 -0.0686114409 
10.12192 0.00400 -0.0752284773 -0.0687061592 
10.12225 0.00400 -0.0753224926 -0.0688008376 
10.12258 0.00400 -0.0754164380 -0.0688954456 
10.12291 0.00400 -0.0755102834 -0.0689899529 
10.12323 0.00400 -0.0756040588 -0.0690843897 
10.12356 0.00400 -0.0756977641 -0.0691787559 
10.12389 0.00400 -0.0757913994 -0.0692730516 
10.12422 0.00400 -0.0758831552 -0.0693654545 
10.12454 0.00400 -0.0759721555 -0.0694550825 
10.12487 0.00400 -0.0760610837 -0.0695446379 
10.12519 0.00400 -0.0761499397 -0.0696341206 
10.12552 0.00400 -0.0762387235 -0.0697235306 
10.12584 0.00400 -0.0763274652 -0.0698128982 
10.12617 0.00400 -0.0764161345 -0.0699021929 
10.12649 0.00400 -0.0765047316 -0.0699914148 
10.12682 0.00400 -0.0765932561 -0.0700805637 
10.12717 0.00400 -0.0766889895 -0.0701769723 
10.12749 0.00400 -0.0772424701 -0.0702659767 
10.12782 0.00400 -0.0773307644 -0.0703549386 
10.12814 0.00400 -0.0774198019 -0.0704446492 
10.12846 0.00400 -0.0775130588 -0.0705386112 
10.12879 0.00400 -0.0776061847 -0.0706324412 
10.12911 0.00400 -0.0776993005 -0.0707262610 
10.12943 0.00400 -0.0777923457 -0.0708200096 
10.12976 0.00400 -0.0778852900 -0.0709136566 
10.13008 0.00400 -0.0775134348 -0.0710072323 
10.13040 0.00400 -0.0780709664 -0.0711007368 
10.13072 0.00400 -0.0776990934 -0.0711942003 
10.13104 0.00400 -0.0782564502 -0.0712876230 
10.13136 0.00400 -0.0783490404 -0.0713809132 
10.13168 0.00400 -0.0784415900 -0.0714741625 
10.13201 0.00400 -0.0785340685 -0.0715673402 
10.13233 0.00400 -0.0786264760 -0.0716604463 
10.13265 0.00400 -0.0787188123 -0.0717534807 
10.13297 0.00400 -0.0788110775 -0.0718464435 
10.13329 0.00400 -0.0789032715 -0.0719393345 
10.13361 0.00400 -0.0789954245 -0.0720321843 
10.13392 0.00400 -0.0786233367 -0.0721249623 
10.13424 0.00400 -0.0791794864 -0.0722176378 
10.13456 0.00400 -0.0788073485 -0.0723102719 
10.13488 0.00400 -0.0793632930 -0.0724028340 
10.13520 0.00400 -0.0789911048 -0.0724953241 
10.13552 0.00400 -0.0795468440 -0.0725877727 
10.13584 0.00400 -0.0791746050 -0.0726801186 
10.13615 0.00400 -0.0797301086 -0.0727724229 
10.13647 0.00400 -0.0793578490 -0.0728646550 
10.13679 0.00400 -0.0799130865 -0.0729567843 
10.13711 0.00400 -0.0795415663 -0.0730496681 
10.13742 0.00400 -0.0796337890 -0.0731425411 
10.13774 0.00400 -0.0797259096 -0.0732353115 
10.13805 0.00400 -0.0798179891 -0.0733280404 
10.13837 0.00400 -0.0799099968 -0.0734206971 
10.13869 0.00400 -0.0800019330 -0.0735132816 
10.13900 0.00400 -0.0800937669 -0.0736057632 
10.13932 0.00400 -0.0801855898 -0.0736982338 
10.13963 0.00400 -0.0802773410 -0.0737906321 
10.13997 0.00400 -0.0803706048 -0.0738845536 
10.14029 0.00400 -0.0804566654 -0.0739712213 
10.14060 0.00400 -0.0810058850 -0.0740578448 
10.14092 0.00400 -0.0806286554 -0.0741444242 
10.14123 0.00400 -0.0811776397 -0.0742308981 
10.14154 0.00400 -0.0812634208 -0.0743173277 
10.14186 0.00400 -0.0813491274 -0.0744036823 
10.14217 0.00400 -0.0814347902 -0.0744899927 
10.14248 0.00400 -0.0815203784 -0.0745762280 
10.14280 0.00400 -0.0816058921 -0.0746623883 
10.14311 0.00400 -0.0816913922 -0.0747485348 
10.14342 0.00400 -0.0817767873 -0.0748345755 
10.14373 0.00400 -0.0818632983 -0.0749217406 
10.14405 0.00400 -0.0819535519 -0.0750126766 
10.14436 0.00400 -0.0820437024 -0.0751035086 
10.14467 0.00400 -0.0821337800 -0.0751942672 
10.14498 0.00400 -0.0822237848 -0.0752849525 
10.14529 0.00400 -0.0823137778 -0.0753756259 
10.14560 0.00400 -0.0824036674 -0.0754661951 
10.14591 0.00400 -0.0824935145 -0.0755567215 
10.14622 0.00400 -0.0825832581 -0.0756471436 
10.14653 0.00400 -0.0826729898 -0.0757375537 
10.14684 0.00400 -0.0827626178 -0.0758278593 
10.14715 0.00400 -0.0828522032 -0.0759181221 
10.14746 0.00400 -0.0829417154 -0.0760083111 
10.14777 0.00400 -0.0830311850 -0.0760984570 
10.14808 0.00400 -0.0831205507 -0.0761884984 
10.14839 0.00400 -0.0832098737 -0.0762784967 
10.14870 0.00400 -0.0832991233 -0.0763684211 
10.14901 0.00400 -0.0833883301 -0.0764583024 
10.14932 0.00400 -0.0834774328 -0.0765480787 
10.14962 0.00400 -0.0835665539 -0.0766378736 
10.14993 0.00400 -0.0836555096 -0.0767275018 
10.15024 0.00400 -0.0837444529 -0.0768171176 
10.15055 0.00400 -0.0838333839 -0.0769067209 
10.15085 0.00400 -0.0839221492 -0.0769961574 
10.15116 0.00400 -0.0840109328 -0.0770856122 
10.15147 0.00400 -0.0840996119 -0.0771749618 
10.15177 0.00400 -0.0841882479 -0.0772642679 
