7.00000 0.00800 1.1542946553 1.2955410533 
7.30103 0.00800 0.9630256483 1.0729467887 
7.47712 0.00800 0.9624630247 0.9713384856 
7.60206 0.00800 0.8953621565 0.9048913780 
7.69897 0.00800 0.8464054320 0.8538244392 
7.77815 0.00800 0.8080376991 0.8162147540 
7.84510 0.00800 0.7775159374 0.7846581411 
7.90309 0.00800 0.7513199834 0.7583569296 
7.95424 0.00800 0.7278395208 0.7356538704 
8.00000 0.00800 0.7086611452 0.7155266848 
8.04139 0.00800 0.6892927857 0.6977859621 
8.07918 0.00800 0.6741566788 0.6817282417 
8.11394 0.00800 0.6337580178 0.6671170380 
8.14613 0.00800 0.6463537348 0.6537995557 
8.17609 0.00800 0.6094700856 0.6414952556 
8.20412 0.00800 0.5990146544 0.6300001500 
8.23045 0.00800 0.5885472482 0.6193299077 
8.25527 0.00800 0.5788754757 0.6094707170 
8.27875 0.00800 0.5697335172 0.6001516068 
8.30103 0.00800 0.5610852600 0.5913357648 
8.32222 0.00800 0.5528590632 0.5829501618 
8.34242 0.00800 0.5451412022 0.5750827451 
8.36173 0.00800 0.5378451537 0.5676453148 
8.38021 0.00800 0.5308596699 0.5605244672 
8.39794 0.00800 0.5242032346 0.5537390444 
8.41497 0.00800 0.5178760677 0.5472892704 
8.43136 0.00800 0.5110168131 0.5410829639 
8.44716 0.00800 0.5051529228 0.5351023942 
8.46240 0.00800 0.4995406961 0.5293784956 
8.47712 0.00800 0.4941935523 0.5239249547 
8.49136 0.00800 0.4882620767 0.5186502763 
8.50515 0.00800 0.4832570639 0.5135430683 
8.51851 0.00800 0.4784060620 0.5085930158 
8.53148 0.00800 0.4729869818 0.5038309380 
8.54407 0.00800 0.4685346556 0.4992853813 
8.55630 0.00800 0.4642077914 0.4948679137 
8.56820 0.00800 0.4592537972 0.4905714566 
8.57978 0.00800 0.4551598113 0.4863896080 
8.59106 0.00800 0.4511721836 0.4823164001 
8.60206 0.00800 0.4465459672 0.4783463131 
8.61278 0.00800 0.4428281373 0.4745467518 
8.62325 0.00800 0.4392286843 0.4708681697 
8.63347 0.00800 0.4349799129 0.4672761360 
8.64345 0.00800 0.4315477257 0.4637667026 
8.65321 0.00800 0.4274621020 0.4603361013 
8.66276 0.00800 0.4241824732 0.4569809436 
8.67210 0.00800 0.4209733536 0.4536979191 
8.68124 0.00800 0.4171062420 0.4504840644 
8.69020 0.00800 0.4140310253 0.4473364156 
8.69897 0.00800 0.4110521176 0.4442873441 
8.70757 0.00800 0.4074132459 0.4413007574 
8.71600 0.00800 0.4045534838 0.4383721383 
8.72428 0.00800 0.4010301302 0.4354993492 
8.73239 0.00800 0.3982789680 0.4326805008 
8.74036 0.00800 0.3955788995 0.4299140031 
8.74819 0.00800 0.3922115491 0.4271953265 
8.75587 0.00800 0.3896084056 0.4245267706 
8.76343 0.00800 0.3863391905 0.4219045879 
8.77085 0.00800 0.3838263071 0.4193272385 
8.77815 0.00800 0.3813524808 0.4167899482 
8.78533 0.00800 0.3782280112 0.4143109827 
8.79239 0.00800 0.3758854706 0.4119071128 
8.79934 0.00800 0.3735803913 0.4095416849 
8.80618 0.00800 0.3706047609 0.4072105378 
8.81291 0.00800 0.3683723397 0.4049184937 
8.81954 0.00800 0.3661740061 0.4026614475 
8.82607 0.00800 0.3633081416 0.4004383222 
8.83251 0.00800 0.3611732775 0.3982453143 
8.83885 0.00800 0.3590723243 0.3960871409 
8.84510 0.00800 0.3570015711 0.3939599901 
8.85126 0.00800 0.3542638861 0.3918629862 
8.85733 0.00800 0.3522495195 0.3897926938 
8.86332 0.00800 0.3502654824 0.3877535730 
8.86923 0.00800 0.3476151770 0.3857421496 
8.87506 0.00800 0.3456854097 0.3837577849 
8.88081 0.00800 0.3437787233 0.3817971543 
8.88649 0.00800 0.3418494061 0.3798132525 
8.89209 0.00800 0.3397435473 0.3776478143 
8.89763 0.00800 0.3376644607 0.3755099059 
8.90309 0.00800 0.3356089729 0.3733962638 
8.90849 0.00800 0.3335815911 0.3713115230 
8.91381 0.00800 0.3317323091 0.3694099208 
8.91908 0.00800 0.3299263884 0.3675529066 
8.92428 0.00800 0.3281397826 0.3657157538 
8.92942 0.00800 0.3263766041 0.3639026911 
8.93450 0.00800 0.3239526335 0.3621108154 
8.93952 0.00800 0.3222247676 0.3603331500 
8.94448 0.00800 0.3205127648 0.3585718048 
8.94939 0.00800 0.3188222467 0.3568325636 
8.95424 0.00800 0.3171506123 0.3551127503 
8.95904 0.00800 0.3154974891 0.3534119819 
8.96379 0.00800 0.3138779425 0.3517457576 
8.96848 0.00800 0.3109544355 0.3501277262 
8.97313 0.00800 0.3094001421 0.3485269882 
8.97772 0.00800 0.3078622602 0.3469431521 
8.98227 0.00800 0.3070116088 0.3453739475 
8.98677 0.00800 0.3055048652 0.3438229791 
8.99123 0.00800 0.3040065345 0.3422806707 
8.99564 0.00800 0.3024701807 0.3406992231 
9.00000 0.00800 0.3009473779 0.3391317242 
9.00432 0.00800 0.2994411603 0.3375812974 
9.00860 0.00800 0.2979497770 0.3360461402 
9.01284 0.00800 0.2964729393 0.3345259555 
9.01703 0.00800 0.2950103515 0.3330204391 
9.02119 0.00800 0.2935499902 0.3315172145 
9.02531 0.00800 0.2907720244 0.3300274623 
9.02938 0.00800 0.2893397520 0.3285516311 
9.03342 0.00800 0.2879209082 0.3270896369 
9.03743 0.00800 0.2865151231 0.3256410985 
9.04139 0.00800 0.2851222105 0.3242058241 
9.04532 0.00800 0.2837419315 0.3227835675 
9.04922 0.00800 0.2823923086 0.3213928994 
9.05308 0.00800 0.2810643697 0.3200245748 
9.05690 0.00800 0.2797481063 0.3186682807 
9.06070 0.00800 0.2784433509 0.3173238445 
9.06446 0.00800 0.2771498835 0.3159910397 
9.06818 0.00800 0.2758675287 0.3146696855 
9.07188 0.00800 0.2745961072 0.3133595970 
9.07554 0.00800 0.2733353872 0.3120605356 
9.07918 0.00800 0.2721607850 0.3108502109 
9.08278 0.00800 0.2703616251 0.3096714226 
9.08636 0.00800 0.2692275947 0.3085023011 
9.08990 0.00800 0.2681028769 0.3073427802 
9.09342 0.00800 0.2669872070 0.3061925873 
9.09691 0.00800 0.2658805160 0.3050516511 
9.10037 0.00800 0.2641303470 0.3039197955 
9.10380 0.00800 0.2630417604 0.3027969448 
9.10721 0.00800 0.2619616284 0.3016828148 
9.11059 0.00800 0.2608107554 0.3004957173 
9.11394 0.00800 0.2595553275 0.2992007738 
9.11727 0.00800 0.2583095419 0.2979157762 
9.12057 0.00800 0.2570732167 0.2966405367 
9.12385 0.00800 0.2558462174 0.2953749167 
9.12710 0.00800 0.2546284325 0.2941188011 
9.13033 0.00800 0.2534196711 0.2928719930 
9.13353 0.00800 0.2522198675 0.2916344247 
9.13671 0.00800 0.2516743511 0.2904058937 
9.13987 0.00800 0.2499579750 0.2893013375 
9.14301 0.00800 0.2489489338 0.2882605359 
9.14613 0.00800 0.2479450333 0.2872250370 
9.14922 0.00800 0.2469503673 0.2861990631 
9.15229 0.00800 0.2459627164 0.2851803251 
9.15534 0.00800 0.2449820052 0.2841687453 
9.15836 0.00800 0.2440081046 0.2831641905 
9.16137 0.00800 0.2430409625 0.2821666068 
9.16435 0.00800 0.2414395647 0.2811758853 
9.16732 0.00800 0.2404861129 0.2801919151 
9.17026 0.00800 0.2395391471 0.2792146387 
9.17318 0.00800 0.2383772974 0.2780156002 
9.17609 0.00800 0.2376536218 0.2766096955 
9.17897 0.00800 0.2362996685 0.2752131256 
9.18184 0.00800 0.2355918848 0.2738257750 
9.18469 0.00800 0.2348915455 0.2724475255 
9.18752 0.00800 0.2335626899 0.2710782563 
9.19033 0.00800 0.2328776061 0.2697178437 
9.19312 0.00800 0.2315651424 0.2683661616 
9.19590 0.00800 0.2309283092 0.2670575129 
9.19865 0.00800 0.2299436624 0.2660439655 
9.20139 0.00800 0.2289652091 0.2650367935 
9.20412 0.00800 0.2279929157 0.2640359622 
9.20682 0.00800 0.2270266655 0.2630413514 
9.20951 0.00800 0.2260663951 0.2620528959 
9.21218 0.00800 0.2251120403 0.2610705296 
9.21484 0.00800 0.2241635356 0.2600941852 
9.21748 0.00800 0.2232207871 0.2591237659 
9.22010 0.00800 0.2222837270 0.2581592020 
9.22271 0.00800 0.2207234000 0.2572004517 
9.22530 0.00800 0.2204264249 0.2562473859 
9.22788 0.00800 0.2201340346 0.2553000181 
9.23044 0.00800 0.2187163081 0.2398035114 
9.23299 0.00800 0.2182180522 0.2386662698 
9.23552 0.00800 0.2171061068 0.2375356600 
9.23804 0.00800 0.2153820797 0.2364115915 
9.24054 0.00800 0.2155194408 0.2352940326 
9.24303 0.00800 0.2144260557 0.2341828599 
9.24551 0.00800 0.2139557088 0.2330779786 
9.24797 0.00800 0.2128740309 0.2319792621 
9.25041 0.00800 0.2119366796 0.2310271455 
9.25285 0.00800 0.2104135055 0.2301050318 
9.25527 0.00800 0.2095089408 0.2291857512 
9.25768 0.00800 0.2086117034 0.2282739171 
9.26007 0.00800 0.2089473497 0.2273670656 
9.26245 0.00800 0.2080590503 0.2264652318 
9.26482 0.00800 0.2071755460 0.2255682663 
9.26717 0.00800 0.2062968401 0.2246761723 
9.26951 0.00800 0.2054229051 0.2237889219 
9.27184 0.00800 0.2045535907 0.2229063626 
9.27416 0.00800 0.2043003101 0.2220285888 
9.27646 0.00800 0.2034398042 0.2211554155 
9.27875 0.00800 0.2025838628 0.2202868740 
9.28103 0.00800 0.2017288537 0.2194192785 
9.28330 0.00800 0.2008682466 0.2185460025 
9.28556 0.00800 0.2000148378 0.2176800309 
9.28780 0.00800 0.1991663824 0.2168190855 
9.29003 0.00800 0.1977099133 0.2159584138 
9.29225 0.00800 0.1968665345 0.2151021851 
9.29446 0.00800 0.1960274681 0.2142503345 
9.29666 0.00800 0.1964066588 0.2134027960 
9.29885 0.00800 0.1955751778 0.2125595030 
9.30103 0.00800 0.1947478791 0.2117204517 
9.30319 0.00800 0.1939246958 0.2108855742 
9.30535 0.00800 0.1931055918 0.2100548341 
9.30749 0.00800 0.1916856455 0.2092282261 
9.30963 0.00800 0.1908750015 0.2084056487 
9.31175 0.00800 0.1912765465 0.2075871280 
9.31386 0.00800 0.1904998529 0.2067998002 
9.31597 0.00800 0.1897302661 0.2060196765 
9.31806 0.00800 0.1889644204 0.2052433451 
9.32014 0.00800 0.1882022107 0.2044706994 
9.32222 0.00800 0.1868280302 0.2036880936 
9.32428 0.00800 0.1860518579 0.2029008950 
9.32633 0.00800 0.1852794365 0.2021175006 
9.32838 0.00800 0.1845356729 0.2013631710 
9.33041 0.00800 0.1849966204 0.2006123894 
9.33243 0.00800 0.1842590293 0.1998650783 
9.33445 0.00800 0.1835248512 0.1991212253 
9.33645 0.00800 0.1827940734 0.1983808174 
9.33845 0.00800 0.1820666833 0.1976438419 
9.34044 0.00800 0.1807438807 0.1969102523 
9.34242 0.00800 0.1800216084 0.1961780909 
9.34439 0.00800 0.1793044664 0.1954511300 
9.34635 0.00800 0.1786227837 0.1947601139 
9.34830 0.00800 0.1779521016 0.1940802491 
9.35025 0.00800 0.1784784254 0.1934034308 
9.35218 0.00800 0.1778130303 0.1927296087 
9.35411 0.00800 0.1771506420 0.1920588315 
9.35603 0.00800 0.1764911117 0.1913909485 
9.35793 0.00800 0.1758345200 0.1907260413 
9.35983 0.00800 0.1751776476 0.1900608498 
9.36173 0.00800 0.1745166274 0.1893914580 
9.36361 0.00800 0.1738584932 0.1887249888 
9.36549 0.00800 0.1732032268 0.1880614237 
9.36735 0.00800 0.1725507433 0.1874006767 
9.36921 0.00800 0.1719065111 0.1867482855 
9.37107 0.00800 0.1706746900 0.1861017260 
9.37291 0.00800 0.1700392224 0.1854578843 
9.37475 0.00800 0.1694064507 0.1848167739 
9.37657 0.00800 0.1687763881 0.1841784084 
9.37840 0.00800 0.1681489141 0.1835426657 
9.38021 0.00800 0.1675240750 0.1829095925 
9.38201 0.00800 0.1669147460 0.1822922338 
9.38381 0.00800 0.1663090897 0.1816785962 
9.38560 0.00800 0.1668875014 0.1810674002 
9.38739 0.00800 0.1662861683 0.1804587597 
9.38916 0.00800 0.1656872705 0.1798525841 
9.39093 0.00800 0.1645009337 0.1792489192 
9.39269 0.00800 0.1639072075 0.1786476737 
9.39445 0.00800 0.1633158816 0.1780488588 
9.39620 0.00800 0.1627269329 0.1774524513 
9.39794 0.00800 0.1615516490 0.1768584624 
9.39967 0.00800 0.1609911767 0.1762906043 
9.40140 0.00800 0.1604555068 0.1757478754 
9.40312 0.00800 0.1593340682 0.1752073034 
9.40483 0.00800 0.1588028658 0.1746688280 
9.40654 0.00800 0.1582737744 0.1741324924 
9.40824 0.00800 0.1553983975 0.1735982706 
9.40993 0.00800 0.1566349610 0.1730661020 
9.41162 0.00800 0.1561004415 0.1725239891 
9.41330 0.00800 0.1555223770 0.1719377126 
9.41497 0.00800 0.1543473153 0.1713402453 
9.41664 0.00800 0.1537622499 0.1707465673 
9.41830 0.00800 0.1531769698 0.1701526714 
9.41996 0.00800 0.1525644034 0.1695310875 
9.42160 0.00800 0.1519542095 0.1689119111 
9.42325 0.00800 0.1513463305 0.1682950835 
9.42488 0.00800 0.1501566102 0.1676805809 
9.42651 0.00800 0.1495535614 0.1670683439 
9.42813 0.00800 0.1489527895 0.1664584186 
9.42975 0.00800 0.1483542706 0.1658507806 
9.43136 0.00800 0.1477579457 0.1652453699 
9.43297 0.00800 0.1465812475 0.1646422326 
9.43457 0.00800 0.1459896071 0.1640412727 
9.43616 0.00800 0.1454003306 0.1634427138 
9.43775 0.00800 0.1471567831 0.1628632908 
9.43933 0.00800 0.1465872696 0.1622859797 
9.44091 0.00800 0.1454386325 0.1617107186 
9.44248 0.00800 0.1448735299 0.1611375881 
9.44404 0.00800 0.1443104668 0.1605665262 
9.44560 0.00800 0.1437494171 0.1599975062 
9.44716 0.00800 0.1431903895 0.1594305371 
9.44870 0.00800 0.1426333223 0.1588655562 
9.45025 0.00800 0.1420782238 0.1583025720 
9.45178 0.00800 0.1421082057 0.1577455899 
9.45332 0.00800 0.1415701324 0.1572001494 
9.45484 0.00800 0.1410207002 0.1566431945 
9.45636 0.00800 0.1404731651 0.1560881628 
9.45788 0.00800 0.1399275354 0.1555350625 
9.45939 0.00800 0.1399616002 0.1549839020 
9.46090 0.00800 0.1394194952 0.1544346533 
9.46240 0.00800 0.1394564458 0.1538872518 
9.46389 0.00800 0.1400717487 0.1533418146 
9.46538 0.00800 0.1401110444 0.1527981678 
9.46686 0.00800 0.1395753031 0.1522564648 
9.46834 0.00800 0.1361605802 0.1517165314 
9.46982 0.00800 0.1362056778 0.1511784845 
9.47129 0.00800 0.1356763904 0.1506422222 
9.47275 0.00800 0.1357242495 0.1501077886 
9.47421 0.00800 0.1351711768 0.1495477115 
9.47567 0.00800 0.1351903197 0.1489850375 
9.47712 0.00800 0.1352093053 0.1484227739 
9.47857 0.00800 0.1346567590 0.1478637962 
9.48001 0.00800 0.1341060525 0.1473066797 
9.48144 0.00800 0.1341308199 0.1467513956 
9.48287 0.00800 0.1335835036 0.1461979887 
9.48430 0.00800 0.1330379421 0.1456463562 
9.48572 0.00800 0.1324941796 0.1450965428 
9.48714 0.00800 0.1319521872 0.1445485191 
9.48855 0.00800 0.1319915770 0.1440096878 
9.48996 0.00800 0.1314848030 0.1434975335 
9.49136 0.00800 0.1309797158 0.1429870839 
9.49276 0.00800 0.1304761745 0.1424781965 
9.49415 0.00800 0.1299918437 0.1419887238 
9.49554 0.00800 0.1295342595 0.1415262815 
9.49693 0.00800 0.1290781496 0.1410653292 
9.49831 0.00800 0.1286234452 0.1406057972 
9.49969 0.00800 0.1281702253 0.1401477657 
9.50106 0.00800 0.1277184210 0.1396911646 
9.50243 0.00800 0.1272680372 0.1392359992 
9.50379 0.00800 0.1268190789 0.1387822744 
9.50515 0.00800 0.1263715138 0.1383299576 
9.50650 0.00800 0.1259253467 0.1378790536 
9.50785 0.00800 0.1254805825 0.1374295675 
9.50920 0.00800 0.1250371887 0.1369814662 
9.51054 0.00800 0.1245951325 0.1365347168 
9.51188 0.00800 0.1241544560 0.1360893617 
9.51322 0.00800 0.1237041806 0.1356343058 
9.51455 0.00800 0.1238101552 0.1351675090 
9.51587 0.00800 0.1233493732 0.1347020702 
9.51719 0.00800 0.1228900157 0.1342380704 
9.51851 0.00800 0.1224320879 0.1337755148 
9.51983 0.00800 0.1219755194 0.1333143322 
9.52114 0.00800 0.1209536423 0.1328545657 
9.52244 0.00800 0.1205000365 0.1323961441 
9.52374 0.00800 0.1206140566 0.1319391103 
9.52504 0.00800 0.1201629742 0.1314834692 
9.52634 0.00800 0.1197131617 0.1310291107 
9.52763 0.00800 0.1192735783 0.1305850849 
9.52891 0.00800 0.1188514346 0.1301586750 
9.53020 0.00800 0.1184305489 0.1297335357 
9.53148 0.00800 0.1180097835 0.1293085180 
9.53275 0.00800 0.1175913867 0.1288858929 
9.53403 0.00800 0.1171741838 0.1284644737 
9.53529 0.00800 0.1167582168 0.1280443029 
9.53656 0.00800 0.1163434515 0.1276253460 
9.53782 0.00800 0.1159298919 0.1272076068 
9.53908 0.00800 0.1155175034 0.1267910507 
9.54033 0.00800 0.1151063281 0.1263757200 
9.54158 0.00800 0.1146982108 0.1259634782 
9.54282 0.00800 0.1143003002 0.1255615463 
9.54407 0.00800 0.1139035194 0.1251607556 
9.54531 0.00800 0.1135079103 0.1247611485 
9.54654 0.00800 0.1131134381 0.1243626896 
9.54777 0.00800 0.1127200291 0.1239653048 
9.54900 0.00800 0.1123277637 0.1235690751 
9.55023 0.00800 0.1124985134 0.1231740041 
9.55145 0.00800 0.1121082326 0.1227799783 
9.55267 0.00800 0.1117190675 0.1223870787 
9.55388 0.00800 0.1113310214 0.1219953090 
9.55509 0.00800 0.1109440202 0.1216045941 
9.55630 0.00800 0.1105553128 0.1212121567 
9.55751 0.00800 0.1101629148 0.1208159932 
9.55871 0.00800 0.1097715575 0.1204208805 
9.55990 0.00800 0.1093813220 0.1200269003 
9.56110 0.00800 0.1089921337 0.1196339774 
9.56229 0.00800 0.1086040737 0.1192421936 
9.56348 0.00800 0.1082170284 0.1188514343 
9.56466 0.00800 0.1078310400 0.1184617419 
9.56585 0.00800 0.1074461115 0.1180731196 
9.56702 0.00800 0.1070622461 0.1176855707 
9.56820 0.00800 0.1066793687 0.1172990192 
9.56937 0.00800 0.1062978741 0.1169138638 
9.57054 0.00800 0.1059240791 0.1165364819 
9.57171 0.00800 0.1055513327 0.1161601586 
9.57287 0.00800 0.1051795985 0.1157848573 
9.57403 0.00800 0.1048088008 0.1154105014 
9.57519 0.00800 0.1044390603 0.1150372129 
9.57634 0.00800 0.1040702619 0.1146648756 
9.57749 0.00800 0.1037024084 0.1142934921 
9.57864 0.00800 0.1033355812 0.1139231448 
9.57978 0.00800 0.1029687568 0.1135528004 
9.58092 0.00800 0.1026038717 0.1131844139 
9.58206 0.00800 0.1022399028 0.1128169524 
9.58320 0.00800 0.1018768923 0.1124504585 
9.58433 0.00800 0.1015148033 0.1120848949 
9.58546 0.00800 0.1011536780 0.1117203042 
9.58659 0.00800 0.1007934794 0.1113566492 
9.58771 0.00800 0.1004342499 0.1109939725 
9.58883 0.00800 0.1000759125 0.1106321965 
9.58995 0.00800 0.0997185096 0.1102713640 
9.59106 0.00800 0.0993620438 0.1099114775 
9.59218 0.00800 0.0990064777 0.1095524994 
9.59329 0.00800 0.0986589522 0.1092016391 
9.59439 0.00800 0.0983130216 0.1088523890 
9.59550 0.00800 0.0979679710 0.1085040273 
9.59660 0.00800 0.0976238426 0.1081565966 
9.59769 0.00800 0.0972805189 0.1078099784 
9.59879 0.00800 0.0969380820 0.1074642556 
9.59988 0.00800 0.0965964944 0.1071193901 
9.60097 0.00800 0.0962557982 0.1067754246 
9.60206 0.00800 0.0964653530 0.1064281881 
9.60314 0.00800 0.0961193603 0.1060790516 
9.60422 0.00800 0.0957742556 0.1057308112 
9.60530 0.00800 0.0954300010 0.1053834286 
9.60638 0.00800 0.0950865988 0.1050369061 
9.60745 0.00800 0.0947440915 0.1046912867 
9.60852 0.00800 0.0944024008 0.1043464913 
9.60959 0.00800 0.0940615289 0.1040025221 
9.61066 0.00800 0.0937214779 0.1036593813 
9.61172 0.00800 0.0933822904 0.1033171118 
9.61278 0.00800 0.0930439283 0.1029756752 
9.61384 0.00800 0.0927078923 0.1026365860 
9.61490 0.00800 0.0923781610 0.1023038586 
9.61595 0.00800 0.0920491912 0.1019718996 
9.61700 0.00800 0.0917210658 0.1016407928 
9.61805 0.00800 0.0913937059 0.1013104584 
9.61909 0.00800 0.0910671134 0.1009808983 
9.62013 0.00800 0.0907413308 0.1006521556 
9.62117 0.00800 0.0904163195 0.1003241912 
9.62221 0.00800 0.0900920814 0.0999970069 
9.62325 0.00800 0.0897678029 0.0996697819 
9.62428 0.00800 0.0894451572 0.0993442046 
9.62531 0.00800 0.0891232091 0.0990193311 
9.62634 0.00800 0.0882524193 0.0986952455 
9.62737 0.00800 0.0879321556 0.0983719086 
9.62839 0.00800 0.0876126763 0.0980493636 
9.62941 0.00800 0.0872939832 0.0977276123 
9.63043 0.00800 0.0875249330 0.0974065326 
9.63144 0.00800 0.0872075347 0.0970862503 
9.63246 0.00800 0.0868908876 0.0967667261 
9.63347 0.00800 0.0865749524 0.0964479202 
9.63448 0.00800 0.0862597308 0.0961298344 
9.63548 0.00800 0.0859453069 0.0958125535 
9.63649 0.00800 0.0856315591 0.0954959549 
9.63749 0.00800 0.0853185713 0.0951801232 
9.63849 0.00800 0.0850062630 0.0948649772 
9.63949 0.00800 0.0846946771 0.0945505601 
9.64048 0.00800 0.0843838153 0.0942368737 
9.64147 0.00800 0.0840736794 0.0939239198 
9.64246 0.00800 0.0837642710 0.0936117000 
9.64345 0.00800 0.0834554678 0.0933000909 
9.64444 0.00800 0.0831474369 0.0929892611 
9.64542 0.00800 0.0828401386 0.0926791706 
9.64640 0.00800 0.0825351507 0.0923714116 
9.64738 0.00800 0.0822486236 0.0920822809 
9.64836 0.00800 0.0819627361 0.0917937958 
9.64933 0.00800 0.0816758275 0.0915042803 
9.65031 0.00800 0.0813755028 0.0912012267 
9.65128 0.00800 0.0810758839 0.0908988854 
9.65224 0.00800 0.0807769309 0.0905972160 
9.65321 0.00800 0.0810240660 0.0902962200 
9.65417 0.00800 0.0807262156 0.0899958148 
9.65514 0.00800 0.0804291193 0.0896961703 
9.65610 0.00800 0.0801326535 0.0893971616 
9.65705 0.00800 0.0798368197 0.0890987904 
9.65801 0.00800 0.0795416611 0.0888011001 
9.65896 0.00800 0.0792470955 0.0885040080 
9.65991 0.00800 0.0789532082 0.0882075999 
9.66086 0.00800 0.0786704816 0.0879224484 
9.66181 0.00800 0.0783938620 0.0876434562 
9.66276 0.00800 0.0781171066 0.0873643270 
9.66370 0.00800 0.0778416853 0.0870865433 
9.66464 0.00800 0.0775668443 0.0868093450 
9.66558 0.00800 0.0772925849 0.0865327332 
9.66652 0.00800 0.0770189924 0.0862567940 
9.66745 0.00800 0.0767459418 0.0859814014 
9.66839 0.00800 0.0764734343 0.0857065566 
9.66932 0.00800 0.0762015975 0.0854323882 
9.67025 0.00800 0.0759303063 0.0851587701 
9.67117 0.00800 0.0756595196 0.0848856608 
9.67210 0.00800 0.0753893651 0.0846131891 
9.67302 0.00800 0.0751198019 0.0843413138 
9.67394 0.00800 0.0748508312 0.0840700361 
9.67486 0.00800 0.0745823695 0.0837992718 
9.67578 0.00800 0.0743145028 0.0835291075 
9.67669 0.00800 0.0740472320 0.0832595442 
9.67761 0.00800 0.0737804737 0.0829904979 
9.67852 0.00800 0.0735143137 0.0827220550 
9.67943 0.00800 0.0732487109 0.0824541741 
9.68033 0.00800 0.0729836238 0.0821868133 
9.68124 0.00800 0.0727190961 0.0819200167 
9.68214 0.00800 0.0724551714 0.0816538282 
9.68305 0.00800 0.0721917232 0.0813881204 
9.68395 0.00800 0.0719288802 0.0811230230 
9.68484 0.00800 0.0716665585 0.0808584513 
9.68574 0.00800 0.0714047591 0.0805944064 
9.68663 0.00800 0.0711434831 0.0803308893 
9.68753 0.00800 0.0708827741 0.0800679442 
9.68842 0.00800 0.0706226333 0.0798055722 
9.68931 0.00800 0.0703630192 0.0795437313 
9.69019 0.00800 0.0701038471 0.0792823362 
9.69108 0.00800 0.0698452893 0.0790215607 
9.69196 0.00800 0.0695872611 0.0787613194 
9.69285 0.00800 0.0693297209 0.0785015702 
9.69373 0.00800 0.0690727125 0.0782423574 
9.69460 0.00800 0.0688161940 0.0779836387 
9.69548 0.00800 0.0685602093 0.0777254584 
9.69635 0.00800 0.0683047596 0.0774678175 
9.69723 0.00800 0.0680498456 0.0772107172 
9.69810 0.00800 0.0677953827 0.0769540716 
9.69897 0.00800 0.0675408553 0.0766973611 
9.69984 0.00800 0.0672874258 0.0764417579 
9.70070 0.00800 0.0670344930 0.0761866557 
9.70157 0.00800 0.0667777484 0.0759277089 
9.70243 0.00800 0.0665124844 0.0756601697 
9.70329 0.00800 0.0662477474 0.0753931619 
9.70415 0.00800 0.0659835815 0.0751267302 
9.70501 0.00800 0.0657199015 0.0748607886 
9.70586 0.00800 0.0659943181 0.0745953817 
9.70672 0.00800 0.0657358948 0.0743348733 
9.70757 0.00800 0.0654829025 0.0740798397 
9.70842 0.00800 0.0652304549 0.0738253552 
9.70927 0.00800 0.0649784229 0.0735712896 
9.71012 0.00800 0.0647268940 0.0733177313 
9.71096 0.00800 0.0644812081 0.0730700630 
9.71181 0.00800 0.0642449363 0.0728318849 
9.71265 0.00800 0.0640091867 0.0725942330 
9.71349 0.00800 0.0637738731 0.0723570208 
9.71433 0.00800 0.0635389964 0.0721202490 
9.71517 0.00800 0.0633045575 0.0718839185 
9.71600 0.00800 0.0630706005 0.0716480738 
9.71684 0.00800 0.0628370828 0.0714126720 
9.71767 0.00800 0.0626040052 0.0711777138 
9.71850 0.00800 0.0623713685 0.0709432000 
9.71933 0.00800 0.0621392170 0.0707091754 
9.72016 0.00800 0.0619074644 0.0704755528 
9.72098 0.00800 0.0616761549 0.0702423771 
9.72181 0.00800 0.0614453332 0.0700096930 
9.72263 0.00800 0.0612149126 0.0697774131 
9.72345 0.00800 0.0609849375 0.0695455825 
9.72427 0.00800 0.0607553650 0.0693141576 
9.72509 0.00800 0.0605262833 0.0690832276 
9.72591 0.00800 0.0602976057 0.0688527048 
9.72673 0.00800 0.0600693766 0.0686226343 
9.72754 0.00800 0.0598415093 0.0683929285 
9.72835 0.00800 0.0596140920 0.0681636762 
9.72916 0.00800 0.0593871256 0.0679348785 
9.72997 0.00800 0.0591605669 0.0677064918 
9.73078 0.00800 0.0589344606 0.0674785611 
9.73159 0.00800 0.0587087634 0.0672510428 
9.73239 0.00800 0.0584829039 0.0670233610 
9.73320 0.00800 0.0582579827 0.0667966251 
9.73400 0.00800 0.0580335610 0.0665703925 
9.73480 0.00800 0.0578095071 0.0663445308 
9.73560 0.00800 0.0575858659 0.0661190852 
9.73640 0.00800 0.0573626381 0.0658940563 
9.73719 0.00800 0.0571398244 0.0656694448 
9.73799 0.00800 0.0569174255 0.0654452514 
9.73878 0.00800 0.0566954420 0.0652214769 
9.73957 0.00800 0.0564738306 0.0649980773 
9.74036 0.00800 0.0562526359 0.0647750980 
9.74115 0.00800 0.0560318588 0.0645525395 
9.74194 0.00800 0.0558114557 0.0643303580 
9.74272 0.00800 0.0555914714 0.0641085988 
9.74351 0.00800 0.0553719068 0.0638872626 
9.74429 0.00800 0.0551526738 0.0636662606 
9.74507 0.00800 0.0549338616 0.0634456830 
9.74585 0.00800 0.0547154711 0.0632255304 
9.74663 0.00800 0.0544974584 0.0630057587 
9.74741 0.00800 0.0542798687 0.0627864133 
9.74819 0.00800 0.0540625693 0.0625673606 
9.74896 0.00800 0.0538457385 0.0623487803 
9.74974 0.00800 0.0536292882 0.0621305835 
9.75051 0.00800 0.0534132190 0.0619127709 
9.75128 0.00800 0.0531974869 0.0616952981 
9.75205 0.00800 0.0529822262 0.0614783007 
9.75282 0.00800 0.0527672594 0.0612615993 
9.75358 0.00800 0.0525527207 0.0610453296 
9.75435 0.00800 0.0523385215 0.0608294022 
9.75511 0.00800 0.0521247518 0.0606139077 
9.75587 0.00800 0.0519112783 0.0603987117 
9.75663 0.00800 0.0516993979 0.0601851217 
9.75739 0.00800 0.0514885763 0.0599725991 
9.75815 0.00800 0.0512781438 0.0597604687 
9.75891 0.00800 0.0510681011 0.0595487312 
9.75967 0.00800 0.0508583590 0.0593372969 
9.76042 0.00800 0.0506490079 0.0591262565 
9.76117 0.00800 0.0504400482 0.0589156109 
9.76193 0.00800 0.0502313909 0.0587052699 
9.76268 0.00800 0.0500231711 0.0584953701 
9.76343 0.00800 0.0498147159 0.0582852330 
9.76418 0.00800 0.0496071482 0.0580759906 
9.76492 0.00800 0.0493998401 0.0578670098 
9.76567 0.00800 0.0491922074 0.0576577017 
9.76641 0.00800 0.0489849694 0.0574487916 
9.76716 0.00800 0.0487779918 0.0572401441 
9.76790 0.00800 0.0485714552 0.0570319410 
9.76864 0.00800 0.0483652251 0.0568240469 
9.76938 0.00800 0.0481593470 0.0566165076 
9.77011 0.00800 0.0479538666 0.0564093693 
9.77085 0.00800 0.0477486943 0.0562025415 
9.77159 0.00800 0.0475419795 0.0559941589 
9.77232 0.00800 0.0473348042 0.0557853120 
9.77305 0.00800 0.0471279359 0.0555767745 
9.77379 0.00800 0.0469215108 0.0553686838 
9.77452 0.00800 0.0467153485 0.0551608581 
9.77525 0.00800 0.0465095401 0.0549533891 
9.77597 0.00800 0.0463040860 0.0547462774 
9.77670 0.00800 0.0460989870 0.0545395234 
9.77743 0.00800 0.0458942887 0.0543331735 
9.77815 0.00800 0.0456898105 0.0541270454 
9.77887 0.00800 0.0454857341 0.0539213225 
9.77960 0.00800 0.0452820149 0.0537159595 
9.78032 0.00800 0.0450786533 0.0535109571 
9.78104 0.00800 0.0448755591 0.0533062242 
9.78175 0.00800 0.0446728690 0.0531018987 
9.78247 0.00800 0.0444704928 0.0528978896 
9.78319 0.00800 0.0442684308 0.0526941973 
9.78390 0.00800 0.0440666836 0.0524908223 
9.78462 0.00800 0.0438652517 0.0522877651 
9.78533 0.00800 0.0436642266 0.0520851180 
9.78604 0.00800 0.0434634723 0.0518827439 
9.78675 0.00800 0.0432630803 0.0516807350 
9.78746 0.00800 0.0430630057 0.0514790461 
9.78817 0.00800 0.0428632488 0.0512776775 
9.78887 0.00800 0.0426638559 0.0510766757 
9.78958 0.00800 0.0424647361 0.0508759493 
9.79028 0.00800 0.0422659355 0.0506755446 
9.79099 0.00800 0.0420675003 0.0504755084 
9.79169 0.00800 0.0418693397 0.0502757489 
9.79239 0.00800 0.0416710421 0.0500758513 
9.79309 0.00800 0.0419987241 0.0498767386 
9.79379 0.00800 0.0418014273 0.0496779502 
9.79449 0.00800 0.0416044987 0.0494795327 
9.79518 0.00800 0.0414078471 0.0492813943 
9.79588 0.00800 0.0412115187 0.0490835816 
9.79657 0.00800 0.0410154682 0.0488860488 
9.79727 0.00800 0.0408197877 0.0486888890 
9.79796 0.00800 0.0406244320 0.0484920563 
9.79865 0.00800 0.0404293096 0.0482954586 
9.79934 0.00800 0.0402345128 0.0480991890 
9.80003 0.00800 0.0400400880 0.0479032944 
9.80072 0.00800 0.0398459439 0.0477076823 
9.80140 0.00800 0.0396520807 0.0475123535 
9.80209 0.00800 0.0394585449 0.0473173545 
9.80277 0.00800 0.0392652911 0.0471226396 
9.80346 0.00800 0.0390724118 0.0469283020 
9.80414 0.00800 0.0388797229 0.0467341563 
9.80482 0.00800 0.0386874096 0.0465403890 
9.80550 0.00800 0.0384954260 0.0463469539 
9.80618 0.00800 0.0383036803 0.0461537585 
9.80686 0.00800 0.0381122190 0.0459608497 
9.80753 0.00800 0.0379210889 0.0457682745 
9.80821 0.00800 0.0377302903 0.0455760334 
9.80888 0.00800 0.0375397313 0.0453840337 
9.80956 0.00800 0.0373495047 0.0451923689 
9.81023 0.00800 0.0371595647 0.0450009929 
9.81090 0.00800 0.0369699118 0.0448099061 
9.81157 0.00800 0.0367806390 0.0446192023 
9.81224 0.00800 0.0365918397 0.0444289756 
9.81291 0.00800 0.0364033754 0.0442390864 
9.81358 0.00800 0.0362151536 0.0440494416 
9.81425 0.00800 0.0360272212 0.0438600883 
9.81491 0.00800 0.0358395321 0.0436709802 
9.81558 0.00800 0.0356521796 0.0434822112 
9.81624 0.00800 0.0354651177 0.0432937350 
9.81690 0.00800 0.0352783468 0.0431055520 
9.81756 0.00800 0.0350918673 0.0429176627 
9.81822 0.00800 0.0349056331 0.0427300205 
9.81888 0.00800 0.0347196911 0.0425426727 
9.81954 0.00800 0.0345324571 0.0423540230 
9.82020 0.00800 0.0343452815 0.0421654324 
9.82086 0.00800 0.0341583979 0.0419771358 
9.82151 0.00800 0.0339718065 0.0417891337 
9.82217 0.00800 0.0337855079 0.0416014265 
9.82282 0.00800 0.0335994556 0.0414139676 
9.82347 0.00800 0.0334136968 0.0412268044 
9.82413 0.00800 0.0332282320 0.0410399374 
9.82478 0.00800 0.0330430615 0.0408533669 
9.82543 0.00800 0.0328581389 0.0406670462 
9.82607 0.00800 0.0326734647 0.0404809758 
9.82672 0.00800 0.0324891328 0.0402952502 
9.82737 0.00800 0.0323050031 0.0401097284 
9.82801 0.00800 0.0321211696 0.0399245051 
9.82866 0.00800 0.0319376329 0.0397395807 
9.82930 0.00800 0.0317543464 0.0395549085 
9.82995 0.00800 0.0315713573 0.0393705359 
9.83059 0.00800 0.0313886191 0.0391864162 
9.83123 0.00800 0.0312061793 0.0390025969 
9.83187 0.00800 0.0310239911 0.0388190313 
9.83251 0.00800 0.0308420079 0.0386356722 
9.83315 0.00800 0.0306603711 0.0384526622 
9.83378 0.00800 0.0304789870 0.0382699068 
9.83442 0.00800 0.0302978561 0.0380874065 
9.83506 0.00800 0.0301169787 0.0379051615 
9.83569 0.00800 0.0299364022 0.0377232198 
9.83632 0.00800 0.0297560328 0.0375414867 
9.83696 0.00800 0.0295760123 0.0373601051 
9.83759 0.00800 0.0293961523 0.0371788853 
9.83822 0.00800 0.0292169251 0.0369983031 
9.83885 0.00800 0.0290380010 0.0368180262 
9.83948 0.00800 0.0288593331 0.0366380075 
9.84010 0.00800 0.0286809219 0.0364582474 
9.84073 0.00800 0.0285028149 0.0362787939 
9.84136 0.00800 0.0283249180 0.0360995520 
9.84198 0.00800 0.0281473262 0.0359206175 
9.84261 0.00800 0.0279699450 0.0357418952 
9.84323 0.00800 0.0277928223 0.0355634333 
9.84385 0.00800 0.0276159582 0.0353852321 
9.84448 0.00800 0.0274393532 0.0352072919 
9.84510 0.00800 0.0272625337 0.0350291355 
9.84572 0.00800 0.0270864951 0.0348517660 
9.84634 0.00800 0.0269106219 0.0346745631 
9.84696 0.00800 0.0267350090 0.0344976225 
9.84757 0.00800 0.0265596570 0.0343209447 
9.84819 0.00800 0.0263845660 0.0341445299 
9.84880 0.00800 0.0262096890 0.0339683308 
9.84942 0.00800 0.0260350738 0.0337923954 
9.85003 0.00800 0.0258607207 0.0336167241 
9.85065 0.00800 0.0256866301 0.0334413173 
9.85126 0.00800 0.0255127547 0.0332661274 
9.85187 0.00800 0.0253390949 0.0330911545 
9.85248 0.00800 0.0251657461 0.0329164951 
9.85309 0.00800 0.0249926134 0.0327420535 
9.85370 0.00800 0.0248197449 0.0325678781 
9.85431 0.00800 0.0246470455 0.0323938730 
9.85491 0.00800 0.0244746585 0.0322201827 
9.85552 0.00800 0.0243024890 0.0320467114 
9.85612 0.00800 0.0241305849 0.0318735076 
9.85673 0.00800 0.0239588987 0.0317005235 
9.85733 0.00800 0.0237874309 0.0315277593 
9.85793 0.00800 0.0236161817 0.0313552154 
9.85854 0.00800 0.0234452470 0.0311829883 
9.85914 0.00800 0.0232744837 0.0310109339 
9.85974 0.00800 0.0231039878 0.0308391490 
9.86034 0.00800 0.0229337116 0.0306675855 
9.86094 0.00800 0.0227636556 0.0304962437 
9.86153 0.00800 0.0225939158 0.0303252206 
9.86213 0.00800 0.0224243488 0.0301543716 
9.86273 0.00800 0.0222549549 0.0299836970 
9.86332 0.00800 0.0220859261 0.0298133903 
9.86392 0.00800 0.0219170230 0.0296432102 
9.86451 0.00800 0.0217483417 0.0294732536 
9.86510 0.00800 0.0215799787 0.0293036177 
9.86569 0.00800 0.0214117901 0.0291341575 
9.86629 0.00800 0.0212438243 0.0289649218 
9.86688 0.00800 0.0210760815 0.0287959108 
9.86747 0.00800 0.0209086583 0.0286272217 
9.86805 0.00800 0.0207420362 0.0284593399 
9.86864 0.00800 0.0205757349 0.0282917813 
9.86923 0.00800 0.0204092730 0.0281240608 
9.86982 0.00800 0.0202434696 0.0279570039 
9.87040 0.00800 0.0200778914 0.0277901739 
9.87099 0.00800 0.0199125391 0.0276235714 
9.87157 0.00800 0.0197473644 0.0274571479 
9.87216 0.00800 0.0195824641 0.0272910009 
9.87274 0.00800 0.0194177904 0.0271250822 
9.87332 0.00800 0.0192532952 0.0269593433 
9.87390 0.00800 0.0190890754 0.0267938819 
9.87448 0.00800 0.0189252763 0.0266288444 
9.87506 0.00800 0.0187619950 0.0264643286 
9.87564 0.00800 0.0185988937 0.0262999942 
9.87622 0.00800 0.0184360693 0.0261359388 
9.87679 0.00800 0.0182734254 0.0259720652 
9.87737 0.00800 0.0181110590 0.0258084713 
9.87795 0.00800 0.0179488252 0.0256450109 
9.87852 0.00800 0.0177868211 0.0254817819 
9.87910 0.00800 0.0181380112 0.0253188335 
9.87967 0.00800 0.0179763858 0.0251560681 
9.88024 0.00800 0.0178149424 0.0249934861 
9.88081 0.00800 0.0176537299 0.0248311366 
9.88138 0.00800 0.0174927486 0.0246690199 
9.88195 0.00800 0.0173319501 0.0245070872 
9.88252 0.00800 0.0171713832 0.0243453879 
9.88309 0.00800 0.0170109997 0.0241838732 
9.88366 0.00800 0.0168508483 0.0240225923 
9.88423 0.00800 0.0166909294 0.0238615455 
9.88479 0.00800 0.0165311946 0.0237006841 
9.88536 0.00800 0.0163715954 0.0235399593 
9.88593 0.00800 0.0162122781 0.0233795183 
9.88649 0.00800 0.0160531943 0.0232193126 
9.88705 0.00800 0.0158942956 0.0230592931 
9.88762 0.00800 0.0157355821 0.0228994603 
9.88818 0.00800 0.0155771030 0.0227398634 
9.88874 0.00800 0.0154187607 0.0225804044 
9.88930 0.00800 0.0152607022 0.0224212310 
9.88986 0.00800 0.0151028298 0.0222622452 
9.89042 0.00800 0.0149450950 0.0221033980 
9.89098 0.00800 0.0147876447 0.0219448372 
9.89154 0.00800 0.0146303814 0.0217864647 
9.89209 0.00800 0.0083400802 0.0216278866 
9.89265 0.00800 0.0082122127 0.0153230294 
9.89321 0.00800 0.0080629085 0.0151726721 
9.89376 0.00800 0.0079138009 0.0150225128 
9.89432 0.00800 0.0077648901 0.0148725518 
9.89487 0.00800 0.0076161763 0.0147227891 
9.89542 0.00800 0.0074676101 0.0145731751 
9.89597 0.00800 0.0073192413 0.0144237599 
9.89653 0.00800 0.0071710703 0.0142745438 
9.89708 0.00800 0.0070230473 0.0141254768 
9.89763 0.00800 0.0068751726 0.0139765592 
9.89818 0.00800 0.0067274962 0.0138278413 
9.89872 0.00800 0.0065800682 0.0136793734 
9.89927 0.00800 0.0064327391 0.0135310053 
9.89982 0.00800 0.0062856090 0.0133828375 
9.90037 0.00800 0.0061386282 0.0132348200 
9.90091 0.00800 0.0059918466 0.0130870032 
9.90146 0.00800 0.0058452646 0.0129393874 
9.90200 0.00800 0.0056988324 0.0127919224 
9.90255 0.00800 0.0055526001 0.0126446588 
9.90309 0.00800 0.0054065181 0.0124975464 
9.90363 0.00800 0.0052605864 0.0123505855 
9.90417 0.00800 0.0051148552 0.0122038265 
9.90471 0.00800 0.0049693248 0.0120572697 
9.90526 0.00800 0.0048238953 0.0119108145 
9.90580 0.00800 0.0046787170 0.0117646122 
9.90633 0.00800 0.0045342906 0.0116191672 
9.90687 0.00800 0.0043904166 0.0114742785 
9.90741 0.00800 0.0042466449 0.0113294928 
9.90795 0.00800 0.0041030758 0.0111849111 
9.90848 0.00800 0.0039597595 0.0110405840 
9.90902 0.00800 0.0038164959 0.0108963100 
9.90955 0.00800 0.0036734355 0.0107522405 
9.91009 0.00800 0.0035305282 0.0106083254 
9.91062 0.00800 0.0033878245 0.0104646152 
9.91116 0.00800 0.0032452241 0.0103210091 
9.91169 0.00800 0.0031028278 0.0101776084 
9.91222 0.00800 0.0029603341 0.0100341097 
9.91275 0.00800 0.0028171400 0.0098899057 
9.91328 0.00800 0.0026740492 0.0097458057 
9.91381 0.00800 0.0025310618 0.0096018098 
9.91434 0.00800 0.0023879766 0.0094577154 
9.91487 0.00800 0.0022453471 0.0093140800 
9.91540 0.00800 0.0021028718 0.0091705998 
9.91593 0.00800 0.0019605508 0.0090272750 
9.91645 0.00800 0.0018184346 0.0088841566 
9.91698 0.00800 0.0016764732 0.0087411939 
9.91751 0.00800 0.0015346162 0.0085983364 
9.91803 0.00800 0.0013929646 0.0084556858 
9.91855 0.00800 0.0012514682 0.0083131914 
9.91908 0.00800 0.0011101272 0.0081708535 
9.91960 0.00800 0.0009689922 0.0080287231 
9.92012 0.00800 0.0008279624 0.0078866987 
9.92064 0.00800 0.0006871390 0.0077448820 
9.92117 0.00800 0.0005464211 0.0076031717 
9.92169 0.00800 0.0004059100 0.0074616695 
9.92221 0.00800 0.0002656058 0.0073203758 
9.92272 0.00800 0.0001254077 0.0071791889 
9.92324 0.00800 -0.0000146337 0.0070381598 
9.92376 0.00800 -0.0001545182 0.0068972888 
9.92428 0.00800 -0.0002942456 0.0067565759 
9.92480 0.00800 -0.0004338157 0.0066160213 
9.92531 0.00800 -0.0005732285 0.0064756253 
9.92583 0.00800 -0.0007124330 0.0063354390 
9.92634 0.00800 -0.0008515304 0.0061953605 
9.92686 0.00800 -0.0009904699 0.0060554411 
9.92737 0.00800 -0.0011292007 0.0059157319 
9.92788 0.00800 -0.0012678746 0.0057760800 
9.92839 0.00800 -0.0014063393 0.0056366386 
9.92891 0.00800 -0.0015446455 0.0054973570 
9.92942 0.00800 -0.0016827930 0.0053582352 
9.92993 0.00800 -0.0018207307 0.0052193246 
9.93044 0.00800 -0.0019586110 0.0050804719 
9.93095 0.00800 -0.0020962812 0.0049418307 
9.93146 0.00800 -0.0022337920 0.0048033501 
9.93196 0.00800 -0.0023711940 0.0046649789 
9.93247 0.00800 -0.0025083856 0.0045268198 
9.93298 0.00800 -0.0026454680 0.0043887705 
9.93349 0.00800 -0.0027823904 0.0042508824 
9.93399 0.00800 -0.0029191527 0.0041131556 
9.93450 0.00800 -0.0030669616 0.0039643041 
9.93500 0.00800 -0.0032034065 0.0038268970 
9.93551 0.00800 -0.0033396906 0.0036896517 
9.93601 0.00800 -0.0034758648 0.0035525170 
9.93651 0.00800 -0.0036118270 0.0034155959 
9.93702 0.00800 -0.0037476791 0.0032787857 
9.93752 0.00800 -0.0038833187 0.0031421894 
9.93802 0.00800 -0.0040188989 0.0030056530 
9.93852 0.00800 -0.0041542664 0.0028693308 
9.93902 0.00800 -0.0042895231 0.0027331201 
9.93952 0.00800 -0.0044246690 0.0025970210 
9.94002 0.00800 -0.0045596016 0.0024611368 
9.94052 0.00800 -0.0046943719 0.0023254159 
9.94102 0.00800 -0.0048290309 0.0021898072 
9.94151 0.00800 -0.0049635273 0.0020543622 
9.94201 0.00800 -0.0050979121 0.0019190296 
9.94251 0.00800 -0.0052320828 0.0017839126 
9.94300 0.00800 -0.0053661928 0.0016488567 
9.94350 0.00800 -0.0055000372 0.0015140683 
9.94399 0.00800 -0.0056338718 0.0013792898 
9.94449 0.00800 -0.0057674917 0.0012447275 
9.94498 0.00800 -0.0059009479 0.0011103300 
9.94547 0.00800 -0.0060342916 0.0009760459 
9.94597 0.00800 -0.0061675225 0.0008418753 
9.94646 0.00800 -0.0063005380 0.0007079217 
9.94695 0.00800 -0.0064334405 0.0005740818 
9.94744 0.00800 -0.0065662299 0.0004403559 
9.94793 0.00800 -0.0066988034 0.0003068474 
9.94842 0.00800 -0.0068312634 0.0001734531 
9.94891 0.00800 -0.0069636099 0.0000401732 
9.94940 0.00800 -0.0070957914 -0.0000929406 
9.94988 0.00800 -0.0072278334 -0.0002259138 
9.95037 0.00800 -0.0073597614 -0.0003587723 
9.95086 0.00800 -0.0074915240 -0.0004914642 
9.95134 0.00800 -0.0076231466 -0.0006240152 
9.95183 0.00800 -0.0077546292 -0.0007564251 
9.95232 0.00800 -0.0078859458 -0.0008886679 
9.95280 0.00800 -0.0080171478 -0.0010207952 
9.95328 0.00800 -0.0081482094 -0.0011527812 
9.95377 0.00800 -0.0082791303 -0.0012846255 
9.95429 0.00800 -0.0084206645 -0.0014271578 
9.95477 0.00800 -0.0085512812 -0.0015586958 
9.95526 0.00800 -0.0086817827 -0.0016901177 
9.95574 0.00800 -0.0088121429 -0.0018213973 
9.95622 0.00800 -0.0089423361 -0.0019525087 
9.95670 0.00800 -0.0090724135 -0.0020835036 
9.95718 0.00800 -0.0092023494 -0.0022143559 
9.95766 0.00800 -0.0093321435 -0.0023450654 
9.95814 0.00800 -0.0094618216 -0.0024756581 
9.95861 0.00800 -0.0095913318 -0.0026060818 
9.95909 0.00800 -0.0097207258 -0.0027363883 
9.95957 0.00800 -0.0098499774 -0.0028665515 
9.96005 0.00800 -0.0099791124 -0.0029965974 
9.96052 0.00800 -0.0101081050 -0.0031264997 
9.96100 0.00800 -0.0102369548 -0.0032562583 
9.96147 0.00800 -0.0103656618 -0.0033858731 
9.96195 0.00800 -0.0104942259 -0.0035153438 
9.96242 0.00800 -0.0106233467 -0.0036453753 
9.96289 0.00800 -0.0107524543 -0.0037753935 
9.96337 0.00800 -0.0108813931 -0.0039052417 
9.96384 0.00800 -0.0110102148 -0.0040349719 
9.96431 0.00800 -0.0111388673 -0.0041645319 
9.96478 0.00800 -0.0112674544 -0.0042940259 
9.96525 0.00800 -0.0113958462 -0.0044233232 
9.96572 0.00800 -0.0115241203 -0.0045525020 
9.96619 0.00800 -0.0116522767 -0.0046815622 
9.96666 0.00800 -0.0117802892 -0.0048104777 
9.96713 0.00800 -0.0119081838 -0.0049392742 
9.96760 0.00800 -0.0120359083 -0.0050678996 
9.96807 0.00800 -0.0121635665 -0.0051964582 
9.96854 0.00800 -0.0122910283 -0.0053248190 
9.96900 0.00800 -0.0124183717 -0.0054530604 
9.96947 0.00800 -0.0125456225 -0.0055812087 
9.96994 0.00800 -0.0126727025 -0.0057091850 
9.97040 0.00800 -0.0127996897 -0.0058370678 
9.97087 0.00800 -0.0129264797 -0.0059647521 
9.97133 0.00800 -0.0130532027 -0.0060923689 
9.97179 0.00800 -0.0131797805 -0.0062198394 
9.97226 0.00800 -0.0133062129 -0.0063471635 
9.97272 0.00800 -0.0134322648 -0.0064741045 
9.97322 0.00800 -0.0135685061 -0.0066113066 
9.97368 0.00800 -0.0136942954 -0.0067379831 
9.97414 0.00800 -0.0138199386 -0.0068645124 
9.97460 0.00800 -0.0139454617 -0.0069909209 
9.97506 0.00800 -0.0140708384 -0.0071171818 
9.97552 0.00800 -0.0141960948 -0.0072433216 
9.97598 0.00800 -0.0143212568 -0.0073693664 
9.97644 0.00800 -0.0144462721 -0.0074952635 
9.97690 0.00800 -0.0145711405 -0.0076210126 
9.97736 0.00800 -0.0146977984 -0.0077485637 
9.97782 0.00800 -0.0143257478 -0.0078737009 
9.97827 0.00800 -0.0144498974 -0.0079986631 
9.97873 0.00800 -0.0145739518 -0.0081235295 
9.97919 0.00800 -0.0146978583 -0.0082482471 
9.97964 0.00800 -0.0148216431 -0.0083728422 
9.98010 0.00800 -0.0149453323 -0.0084973411 
9.98055 0.00800 -0.0150688734 -0.0086216908 
9.98101 0.00800 -0.0151922924 -0.0087459176 
9.98146 0.00800 -0.0153156154 -0.0088700479 
9.98191 0.00800 -0.0154387899 -0.0089940288 
9.98237 0.00800 -0.0155618158 -0.0091178599 
9.98282 0.00800 -0.0156847454 -0.0092415942 
9.98327 0.00800 -0.0158075524 -0.0093652050 
9.98372 0.00800 -0.0159302366 -0.0094886923 
9.98417 0.00800 -0.0160527979 -0.0096120559 
9.98462 0.00800 -0.0161752363 -0.0097352957 
9.98507 0.00800 -0.0162975516 -0.0098584117 
9.98552 0.00800 -0.0164197436 -0.0099814036 
9.98597 0.00800 -0.0165418387 -0.0101042978 
9.98642 0.00800 -0.0166637840 -0.0102270414 
9.98687 0.00800 -0.0167856321 -0.0103496870 
9.98731 0.00800 -0.0169073038 -0.0104721553 
9.98776 0.00800 -0.0170289045 -0.0105945519 
9.98821 0.00800 -0.0171503812 -0.0107168238 
9.98865 0.00800 -0.0172717340 -0.0108389710 
9.98910 0.00800 -0.0173929891 -0.0109610197 
9.98955 0.00800 -0.0175140935 -0.0110829169 
9.98999 0.00800 -0.0176350737 -0.0112046889 
9.99044 0.00800 -0.0177559557 -0.0113263623 
9.99088 0.00800 -0.0178766868 -0.0114478837 
9.99136 0.00800 -0.0180072506 -0.0115793021 
9.99180 0.00800 -0.0181277615 -0.0117006018 
9.99224 0.00800 -0.0182481474 -0.0118217758 
9.99269 0.00800 -0.0183684084 -0.0119428239 
9.99313 0.00800 -0.0184885706 -0.0120637727 
9.99357 0.00800 -0.0186086076 -0.0121845955 
9.99401 0.00800 -0.0187285458 -0.0123053188 
9.99445 0.00800 -0.0188483320 -0.0124258891 
9.99489 0.00800 -0.0189680192 -0.0125463597 
9.99533 0.00800 -0.0190875807 -0.0126667038 
9.99577 0.00800 -0.0192070694 -0.0127869746 
9.99621 0.00800 -0.0193264057 -0.0129070922 
9.99665 0.00800 -0.0194456161 -0.0130270828 
9.99708 0.00800 -0.0195647533 -0.0131469999 
9.99752 0.00800 -0.0196837114 -0.0132667367 
9.99796 0.00800 -0.0198025961 -0.0133863996 
9.99839 0.00800 -0.0199213545 -0.0135059353 
9.99883 0.00800 -0.0200400128 -0.0136253704 
9.99926 0.00800 -0.0201585445 -0.0137446780 
9.99970 0.00800 -0.0202769760 -0.0138638848 
10.00013 0.00800 -0.0203952808 -0.0139829639 
10.00057 0.00800 -0.0205134585 -0.0141019152 
10.00100 0.00800 -0.0206315358 -0.0142207653 
10.00144 0.00800 -0.0207494859 -0.0143394876 
10.00187 0.00800 -0.0208673618 -0.0144581351 
10.00230 0.00800 -0.0209850839 -0.0145766277 
10.00273 0.00800 -0.0211027317 -0.0146950456 
10.00316 0.00800 -0.0212202252 -0.0148133083 
10.00360 0.00800 -0.0213376443 -0.0149314960 
10.00403 0.00800 -0.0214549090 -0.0150495283 
10.00446 0.00800 -0.0215720991 -0.0151674854 
10.00489 0.00800 -0.0216891611 -0.0152853138 
10.00532 0.00800 -0.0218061484 -0.0154030668 
10.00574 0.00800 -0.0219229807 -0.0155206639 
10.00617 0.00800 -0.0220397115 -0.0156381588 
10.00660 0.00800 -0.0221563405 -0.0157555512 
10.00703 0.00800 -0.0222728410 -0.0158728142 
10.00746 0.00800 -0.0223892395 -0.0159899747 
10.00788 0.00800 -0.0225055360 -0.0161070324 
10.00831 0.00800 -0.0226217036 -0.0162239605 
10.00877 0.00800 -0.0227473291 -0.0163504083 
10.00920 0.00800 -0.0228632680 -0.0164671062 
10.00962 0.00800 -0.0229790778 -0.0165836740 
10.01005 0.00800 -0.0230948386 -0.0167001925 
10.01047 0.00800 -0.0232104700 -0.0168165808 
10.01089 0.00800 -0.0233259987 -0.0169328657 
10.01132 0.00800 -0.0234413978 -0.0170490203 
10.01174 0.00800 -0.0235566941 -0.0171650712 
10.01216 0.00800 -0.0236718873 -0.0172810185 
10.01259 0.00800 -0.0237869775 -0.0173968621 
10.01301 0.00800 -0.0239019377 -0.0175125748 
10.01343 0.00800 -0.0240168215 -0.0176282105 
10.01385 0.00800 -0.0241315751 -0.0177437153 
10.01427 0.00800 -0.0242462520 -0.0178591429 
10.01469 0.00800 -0.0243607986 -0.0179744393 
10.01511 0.00800 -0.0244752415 -0.0180896313 
10.01553 0.00800 -0.0245895808 -0.0182047190 
10.01595 0.00800 -0.0247037894 -0.0183196752 
10.01637 0.00800 -0.0248179208 -0.0184345537 
10.01679 0.00800 -0.0249319483 -0.0185493276 
10.01720 0.00800 -0.0250458717 -0.0186639967 
10.01762 0.00800 -0.0251596641 -0.0187785340 
10.01804 0.00800 -0.0252733790 -0.0188929932 
10.01846 0.00800 -0.0253869627 -0.0190073205 
10.01887 0.00800 -0.0255004419 -0.0191215425 
10.01929 0.00800 -0.0256138435 -0.0192356864 
10.01970 0.00800 -0.0257271404 -0.0193497249 
10.02012 0.00800 -0.0258403057 -0.0194636309 
10.02053 0.00800 -0.0259533930 -0.0195774586 
10.02095 0.00800 -0.0260663486 -0.0196911535 
10.02136 0.00800 -0.0261791992 -0.0198047428 
10.02177 0.00800 -0.0262919716 -0.0199182533 
10.02219 0.00800 -0.0264046387 -0.0200316580 
10.02260 0.00800 -0.0265172007 -0.0201449568 
10.02301 0.00800 -0.0266296572 -0.0202581495 
10.02342 0.00800 -0.0267420084 -0.0203712360 
10.02384 0.00800 -0.0268542540 -0.0204842164 
10.02425 0.00800 -0.0269663939 -0.0205970904 
10.02466 0.00800 -0.0270784552 -0.0207098851 
10.02507 0.00800 -0.0271903836 -0.0208225463 
10.02551 0.00800 -0.0273114091 -0.0209443639 
10.02592 0.00800 -0.0274231550 -0.0210568413 
10.02633 0.00800 -0.0275347679 -0.0211691848 
10.02674 0.00800 -0.0276463017 -0.0212814486 
10.02715 0.00800 -0.0277577292 -0.0213936055 
10.02755 0.00800 -0.0278690503 -0.0215056554 
10.02796 0.00800 -0.0279802650 -0.0216175981 
10.02837 0.00800 -0.0280914273 -0.0217294880 
10.02878 0.00800 -0.0282024290 -0.0218412163 
10.02918 0.00800 -0.0283133780 -0.0219528916 
10.02959 0.00800 -0.0284241933 -0.0220644322 
10.02999 0.00800 -0.0285349016 -0.0221758653 
10.03040 0.00800 -0.0286455302 -0.0222872179 
10.03080 0.00800 -0.0287560245 -0.0223984356 
10.03121 0.00800 -0.0288664660 -0.0225096000 
10.03161 0.00800 -0.0289768003 -0.0226206565 
10.03202 0.00800 -0.0290870273 -0.0227316050 
10.03242 0.00800 -0.0291971740 -0.0228424727 
10.03282 0.00800 -0.0293071862 -0.0229532050 
10.03323 0.00800 -0.0294171179 -0.0230638563 
10.03363 0.00800 -0.0295269691 -0.0231744266 
10.03403 0.00800 -0.0296367127 -0.0232848886 
10.03443 0.00800 -0.0297463485 -0.0233952420 
10.03483 0.00800 -0.0298558764 -0.0235054869 
10.03523 0.00800 -0.0299653235 -0.0236156504 
10.03563 0.00800 -0.0300746626 -0.0237257052 
10.03603 0.00800 -0.0301838935 -0.0238356511 
10.03643 0.00800 -0.0302930705 -0.0239455428 
10.03683 0.00800 -0.0304021393 -0.0240553255 
10.03723 0.00800 -0.0305110725 -0.0241649718 
10.03763 0.00800 -0.0306199517 -0.0242745636 
10.03803 0.00800 -0.0307286951 -0.0243840189 
10.03843 0.00800 -0.0308373843 -0.0244934195 
10.03882 0.00800 -0.0309459376 -0.0246026834 
10.03922 0.00800 -0.0310544093 -0.0247118651 
10.03962 0.00800 -0.0311627993 -0.0248209647 
10.04002 0.00800 -0.0312710805 -0.0249299546 
10.04041 0.00800 -0.0313793070 -0.0250388896 
10.04081 0.00800 -0.0314873699 -0.0251476599 
10.04120 0.00800 -0.0315953782 -0.0252563752 
10.04163 0.00800 -0.0317132833 -0.0253750520 
10.04202 0.00800 -0.0318221118 -0.0254845929 
10.04242 0.00800 -0.0319309131 -0.0255941064 
10.04281 0.00800 -0.0320395509 -0.0257034553 
10.04321 0.00800 -0.0321481342 -0.0258127494 
10.04360 0.00800 -0.0322566083 -0.0259219335 
10.04399 0.00800 -0.0323649731 -0.0260310077 
10.04438 0.00800 -0.0324732833 -0.0261400268 
10.04478 0.00800 -0.0325814567 -0.0262489083 
10.04517 0.00800 -0.0326895479 -0.0263577071 
10.04556 0.00800 -0.0327960535 -0.0264649099 
10.04595 0.00800 -0.0329002616 -0.0265698000 
10.04634 0.00800 -0.0330043854 -0.0266746054 
10.04673 0.00800 -0.0331083975 -0.0267792984 
10.04712 0.00800 -0.0332123527 -0.0268839341 
10.04751 0.00800 -0.0333161687 -0.0269884296 
10.04790 0.00800 -0.0334199276 -0.0270928677 
10.04829 0.00800 -0.0335236019 -0.0271972207 
10.04868 0.00800 -0.0336271369 -0.0273014333 
10.04907 0.00800 -0.0337306418 -0.0274056158 
10.04945 0.00800 -0.0338340620 -0.0275097130 
10.04984 0.00800 -0.0339375619 -0.0276138903 
10.05023 0.00800 -0.0340441019 -0.0277211278 
10.05062 0.00800 -0.0341505312 -0.0278282537 
10.05100 0.00800 -0.0342568770 -0.0279352957 
10.05139 0.00800 -0.0343631393 -0.0280422536 
10.05177 0.00800 -0.0344692632 -0.0281490720 
10.05216 0.00800 -0.0345753308 -0.0282558340 
10.05254 0.00800 -0.0346813147 -0.0283625116 
10.05293 0.00800 -0.0347872148 -0.0284691049 
10.05331 0.00800 -0.0348930035 -0.0285755861 
10.05370 0.00800 -0.0349987083 -0.0286819829 
10.05408 0.00800 -0.0351043017 -0.0287882674 
10.05447 0.00800 -0.0352098108 -0.0288944672 
10.05485 0.00800 -0.0353152634 -0.0290006100 
10.05523 0.00800 -0.0354206042 -0.0291066404 
10.05561 0.00800 -0.0355258607 -0.0292125859 
10.05600 0.00800 -0.0356310053 -0.0293184187 
10.05638 0.00800 -0.0357360930 -0.0294241943 
10.05676 0.00800 -0.0358410686 -0.0295298571 
10.05717 0.00800 -0.0359546054 -0.0296441370 
10.05755 0.00800 -0.0360593864 -0.0297496039 
10.05793 0.00800 -0.0361641102 -0.0298550132 
10.05831 0.00800 -0.0362687216 -0.0299603094 
10.05869 0.00800 -0.0363732757 -0.0300655479 
10.05907 0.00800 -0.0364776897 -0.0301706454 
10.05945 0.00800 -0.0365820463 -0.0302756851 
10.05983 0.00800 -0.0366863454 -0.0303806669 
10.06021 0.00800 -0.0367905318 -0.0304855353 
10.06059 0.00800 -0.0368946054 -0.0305902901 
10.06096 0.00800 -0.0369986212 -0.0306949868 
10.06134 0.00800 -0.0371025242 -0.0307995699 
10.06172 0.00800 -0.0372063693 -0.0309040948 
10.06210 0.00800 -0.0373101289 -0.0310085335 
10.06247 0.00800 -0.0374137754 -0.0311128585 
10.06285 0.00800 -0.0375173638 -0.0312171250 
10.06322 0.00800 -0.0376208389 -0.0313212774 
10.06360 0.00800 -0.0377242282 -0.0314253435 
10.06397 0.00800 -0.0378275317 -0.0315293232 
10.06435 0.00800 -0.0379307770 -0.0316332443 
10.06472 0.00800 -0.0380339087 -0.0317370511 
10.06510 0.00800 -0.0381369542 -0.0318407711 
10.06547 0.00800 -0.0382399137 -0.0319444046 
10.06584 0.00800 -0.0383427871 -0.0320479513 
10.06622 0.00800 -0.0384456018 -0.0321514391 
10.06659 0.00800 -0.0385483026 -0.0322548122 
10.06696 0.00800 -0.0386509170 -0.0323580982 
10.06734 0.00800 -0.0387534726 -0.0324613252 
10.06771 0.00800 -0.0388559418 -0.0325644651 
10.06808 0.00800 -0.0389582967 -0.0326674900 
10.06845 0.00800 -0.0390605927 -0.0327704556 
10.06882 0.00800 -0.0391627742 -0.0328733059 
10.06919 0.00800 -0.0392649244 -0.0329761248 
10.06956 0.00800 -0.0393669601 -0.0330788284 
10.06993 0.00800 -0.0394689089 -0.0331814445 
10.07030 0.00800 -0.0395707706 -0.0332839730 
10.07067 0.00800 -0.0396725454 -0.0333864140 
10.07104 0.00800 -0.0397742330 -0.0334887673 
10.07141 0.00800 -0.0398758613 -0.0335910608 
10.07178 0.00800 -0.0433611678 -0.0336932665 
10.07218 0.00800 -0.0440665357 -0.0378091666 
10.07254 0.00800 -0.0441646900 -0.0379079634 
10.07291 0.00800 -0.0442627543 -0.0380066696 
10.07328 0.00800 -0.0443607567 -0.0381053135 
10.07365 0.00800 -0.0444586690 -0.0382038668 
10.07401 0.00800 -0.0445565193 -0.0383023576 
10.07438 0.00800 -0.0446542795 -0.0384007576 
10.07474 0.00800 -0.0447519774 -0.0384990951 
10.07511 0.00800 -0.0448495851 -0.0385973417 
10.07548 0.00800 -0.0449471305 -0.0386955256 
10.07584 0.00800 -0.0450445573 -0.0387935902 
10.07621 0.00800 -0.0451419218 -0.0388915920 
10.07657 0.00800 -0.0452392519 -0.0389895592 
10.07693 0.00800 -0.0453364634 -0.0390874070 
10.07730 0.00800 -0.0454336123 -0.0391851919 
10.07766 0.00800 -0.0455306986 -0.0392829137 
10.07802 0.00800 -0.0456276942 -0.0393805442 
10.07839 0.00800 -0.0457246271 -0.0394781115 
10.07875 0.00800 -0.0458214690 -0.0395755874 
10.07911 0.00800 -0.0459182200 -0.0396729717 
10.07947 0.00800 -0.0460149082 -0.0397702928 
10.07984 0.00800 -0.0461115334 -0.0398675505 
10.08020 0.00800 -0.0462080957 -0.0399647449 
10.08056 0.00800 -0.0463045668 -0.0400618475 
10.08092 0.00800 -0.0464009749 -0.0401588866 
10.08128 0.00800 -0.0464972634 -0.0402558054 
10.08164 0.00800 -0.0465935170 -0.0403526890 
10.08200 0.00800 -0.0466896791 -0.0404494806 
10.08236 0.00800 -0.0467857779 -0.0405462085 
10.08272 0.00800 -0.0468818135 -0.0406428727 
10.08308 0.00800 -0.0469777292 -0.0407394163 
10.08344 0.00800 -0.0470736097 -0.0408359244 
10.08379 0.00800 -0.0471693985 -0.0409323402 
10.08415 0.00800 -0.0472651238 -0.0410286920 
10.08451 0.00800 -0.0473607854 -0.0411249799 
10.08487 0.00800 -0.0474563552 -0.0412211753 
10.08523 0.00800 -0.0475518614 -0.0413173066 
10.08558 0.00800 -0.0476472755 -0.0414133452 
10.08594 0.00800 -0.0477426540 -0.0415093482 
10.08629 0.00800 -0.0478379123 -0.0416052299 
10.08668 0.00800 -0.0479409200 -0.0417089119 
10.08704 0.00800 -0.0480360521 -0.0418046667 
10.08739 0.00800 -0.0481311202 -0.0419003571 
10.08775 0.00800 -0.0482260959 -0.0419959545 
10.08810 0.00800 -0.0483210075 -0.0420914874 
10.08846 0.00800 -0.0484158267 -0.0421869272 
10.08881 0.00800 -0.0485106099 -0.0422823309 
10.08916 0.00800 -0.0486053006 -0.0423776415 
10.08952 0.00800 -0.0486999270 -0.0424728873 
10.08987 0.00800 -0.0487944607 -0.0425680398 
10.09022 0.00800 -0.0488889300 -0.0426631275 
10.09058 0.00800 -0.0489833349 -0.0427581502 
10.09093 0.00800 -0.0490776752 -0.0428531081 
10.09128 0.00800 -0.0491719227 -0.0429479725 
10.09163 0.00800 -0.0492660771 -0.0430427433 
10.09199 0.00800 -0.0493601953 -0.0431374775 
10.09234 0.00800 -0.0494542487 -0.0432321466 
10.09269 0.00800 -0.0495482375 -0.0433267506 
10.09304 0.00800 -0.0496421330 -0.0434212607 
10.09339 0.00800 -0.0497359637 -0.0435157056 
10.09374 0.00800 -0.0498297010 -0.0436100566 
10.09409 0.00800 -0.0499234019 -0.0437043708 
10.09444 0.00800 -0.0500170093 -0.0437985909 
10.09479 0.00800 -0.0501105517 -0.0438927456 
10.09514 0.00800 -0.0502040574 -0.0439868634 
10.09549 0.00800 -0.0502974411 -0.0440808584 
10.09584 0.00800 -0.0503907595 -0.0441747877 
10.09618 0.00800 -0.0504840412 -0.0442686800 
10.09653 0.00800 -0.0505772292 -0.0443624779 
10.09688 0.00800 -0.0506703518 -0.0444562101 
10.09723 0.00800 -0.0507634090 -0.0445498765 
10.09757 0.00800 -0.0508563723 -0.0446434482 
10.09792 0.00800 -0.0509492986 -0.0447369828 
10.09827 0.00800 -0.0510421594 -0.0448304515 
10.09861 0.00800 -0.0511349261 -0.0449238254 
10.09896 0.00800 -0.0512276271 -0.0450171333 
10.09931 0.00800 -0.0513202340 -0.0451103463 
10.09965 0.00800 -0.0514128322 -0.0452035506 
10.10000 0.00800 -0.0515053361 -0.0452966600 
10.10037 0.00800 -0.0515977456 -0.0453896744 
10.10072 0.00800 -0.0516976855 -0.0454902685 
10.10106 0.00800 -0.0517899649 -0.0455831519 
10.10140 0.00800 -0.0518821782 -0.0456759689 
10.10175 0.00800 -0.0519743256 -0.0457687195 
10.10209 0.00800 -0.0520664069 -0.0458614035 
10.10243 0.00800 -0.0521584221 -0.0459540210 
10.10278 0.00800 -0.0522503711 -0.0460465719 
10.10312 0.00800 -0.0523422540 -0.0461390562 
10.10346 0.00800 -0.0524340419 -0.0462314450 
10.10381 0.00800 -0.0525257922 -0.0463237959 
10.10415 0.00800 -0.0526174476 -0.0464160512 
10.10449 0.00800 -0.0527090365 -0.0465082397 
10.10483 0.00800 -0.0528005876 -0.0466003900 
10.10517 0.00800 -0.0528920436 -0.0466924447 
10.10551 0.00800 -0.0529834331 -0.0467844324 
10.10585 0.00800 -0.0530747846 -0.0468763819 
10.10619 0.00800 -0.0531660409 -0.0469682355 
10.10653 0.00800 -0.0532504378 -0.0470531849 
10.10687 0.00800 -0.0533320994 -0.0471353810 
10.10721 0.00800 -0.0534136903 -0.0472175060 
10.10755 0.00800 -0.0534952107 -0.0472995601 
10.10789 0.00800 -0.0535766605 -0.0473815430 
10.10823 0.00800 -0.0536580683 -0.0474634836 
10.10857 0.00800 -0.0537394053 -0.0475453531 
10.10891 0.00800 -0.0538206716 -0.0476271513 
10.10924 0.00800 -0.0539019245 -0.0477089361 
10.10958 0.00800 -0.0539830778 -0.0477906206 
10.10992 0.00800 -0.0540641890 -0.0478722627 
10.11026 0.00800 -0.0541461196 -0.0479547296 
10.11059 0.00800 -0.0542280083 -0.0480371544 
10.11093 0.00800 -0.0543141935 -0.0481239037 
10.11127 0.00800 -0.0544057410 -0.0482160505 
10.11160 0.00800 -0.0544972217 -0.0483081300 
10.11194 0.00800 -0.0545886069 -0.0484001134 
10.11228 0.00800 -0.0546799539 -0.0484920583 
10.11261 0.00800 -0.0547712339 -0.0485839358 
10.11295 0.00800 -0.0548624469 -0.0486757459 
10.11328 0.00800 -0.0549536217 -0.0487675175 
10.11362 0.00800 -0.0550447006 -0.0488591926 
10.11398 0.00800 -0.0551431681 -0.0489583046 
10.11431 0.00800 -0.0552341143 -0.0490498461 
10.11464 0.00800 -0.0553249645 -0.0491412910 
10.11498 0.00800 -0.0554158050 -0.0492327261 
10.11531 0.00800 -0.0555065493 -0.0493240645 
10.11564 0.00800 -0.0555972264 -0.0494153352 
10.11598 0.00800 -0.0556878360 -0.0495065379 
10.11631 0.00800 -0.0557783782 -0.0495976727 
10.11664 0.00800 -0.0558688817 -0.0496887686 
10.11697 0.00800 -0.0559593177 -0.0497797966 
10.11731 0.00800 -0.0560496572 -0.0498707275 
10.11764 0.00800 -0.0561399291 -0.0499615903 
10.11797 0.00800 -0.0562301622 -0.0500524140 
10.11830 0.00800 -0.0563203275 -0.0501431696 
10.11863 0.00800 -0.0564104251 -0.0502338569 
10.11896 0.00800 -0.0565004260 -0.0503244469 
10.11929 0.00800 -0.0565903879 -0.0504149977 
10.11962 0.00800 -0.0566802819 -0.0505054801 
10.11995 0.00800 -0.0567701658 -0.0505959524 
10.12028 0.00800 -0.0568599238 -0.0506862979 
10.12061 0.00800 -0.0569496427 -0.0507766041 
10.12094 0.00800 -0.0570392936 -0.0508668418 
10.12127 0.00800 -0.0571288763 -0.0509570109 
10.12160 0.00800 -0.0572183619 -0.0510470823 
10.12192 0.00800 -0.0573078082 -0.0511371141 
10.12225 0.00800 -0.0573972152 -0.0512271063 
10.12258 0.00800 -0.0574865249 -0.0513170007 
10.12291 0.00800 -0.0575757952 -0.0514068553 
10.12323 0.00800 -0.0576649972 -0.0514966412 
10.12356 0.00800 -0.0577541307 -0.0515863581 
10.12389 0.00800 -0.0578431957 -0.0516760062 
10.12422 0.00800 -0.0579321922 -0.0517655852 
10.12454 0.00800 -0.0580211491 -0.0518551244 
10.12487 0.00800 -0.0581100374 -0.0519445945 
10.12519 0.00800 -0.0581988280 -0.0520339664 
10.12552 0.00800 -0.0582876080 -0.0521233274 
10.12584 0.00800 -0.0583762901 -0.0522125901 
10.12617 0.00800 -0.0584649325 -0.0523018127 
10.12649 0.00800 -0.0585535060 -0.0523909660 
